48.735317
60
15
41.42285 58.387863 17.821577 106.13101 44.877388 62.306152 85.910904 84.25961 141.13463 123.893616 92.30058 62.096542 25.225666 2.2826443 114.13311 
138.69502 144.98613 34.16909 146.12852 45.638554 47.491547 13.947443 90.784454 100.16757 11.363123 38.765553 99.27326 126.27484 116.19903 92.76167 
33.11956 54.985695 99.29214 149.90273 38.14696 82.69499 -6.298298 24.99892 88.58992 -0.9107542 30.652569 97.62639 70.67221 33.838406 63.141846 
133.84523 91.360146 33.898125 146.5391 55.757095 99.40473 130.91963 95.8725 139.10262 32.193367 130.92052 108.39956 34.254734 -6.6622915 16.025902 
93.96733 126.121124 22.330818 30.746002 114.57317 33.62425 39.012802 72.91196 58.443504 139.58441 131.99048 42.048386 2.8541765 56.98732 -8.437225 
135.61717 53.822323 77.77371 44.109936 26.223297 29.705837 75.44506 46.31076 0.5298805 59.652855 2.9355402 103.95834 133.28557 116.74987 82.35673 
51.551178 47.52404 99.6234 63.37771 105.242516 14.651339 -4.8437586 92.15948 43.137302 -4.206899 58.885864 62.918983 33.3322 -1.5699797 -1.4416447 
139.35408 101.500435 100.006165 80.218025 33.317215 146.22946 72.85089 55.11863 53.28171 131.72577 12.411427 69.64868 5.300949 53.907215 83.44956 
69.369484 104.31672 47.309826 16.511839 82.1707 93.82964 16.641874 109.6392 124.4547 137.10042 78.224625 97.93809 38.16693 133.20729 42.965206 
26.291416 95.39614 126.44092 3.913393 38.143803 141.17406 57.674652 87.86025 15.952089 64.01096 11.503906 -8.157005 76.54805 47.609306 23.104954 
51.82644 -2.6832223 86.10411 63.919556 2.2379532 126.75009 -0.9149685 105.42811 81.4388 135.59103 141.5612 45.430313 39.621143 52.441353 127.93623 
91.408455 112.02635 0.36038494 17.966959 90.70484 51.78611 28.639801 106.585945 77.40103 33.094635 56.595184 38.37378 50.94284 76.82602 53.871403 
71.373505 71.711296 137.11734 94.415115 63.84594 -6.104002 -1.1557426 118.923996 111.4707 36.18351 112.322105 123.23851 1.4040327 115.92989 72.9717 
17.798323 133.5109 82.64242 0.09548664 15.941511 127.99486 121.75194 60.315582 66.48144 32.555866 99.81368 17.631996 148.65182 61.111694 87.43033 
133.465 35.16725 140.02579 46.34764 26.452354 41.802395 46.689953 62.329002 33.17809 39.54947 39.21683 105.57168 107.41582 48.069813 114.90324 
25.583622 36.87586 136.81168 119.03186 97.59611 62.851707 132.82242 54.48478 92.7436 139.56758 51.9398 36.54892 144.39853 26.435036 72.70322 
-3.8007154 108.20506 127.83295 19.981747 139.05264 143.51175 81.4313 -2.0273938 -3.9098825 39.059937 67.4857 89.87935 96.15356 125.94017 27.935368 
84.23579 89.12697 65.985954 125.54411 75.4976 72.620224 93.92972 -0.27039623 -0.82000923 83.87881 106.80273 127.132904 139.47606 52.549366 54.216324 
111.38601 29.946442 8.837318 148.31882 87.94193 115.52766 5.498803 42.377823 76.237595 96.76212 81.01566 82.09484 122.866486 34.80968 105.20832 
133.91449 95.84389 98.45628 67.44767 19.747564 91.45419 41.99201 91.5334 -2.3170214 41.57551 115.48668 30.21238 23.420044 20.783596 6.647669 
106.21688 147.30887 68.94296 -3.899323 5.6090155 147.04274 146.3994 135.59065 93.12345 46.202663 85.294556 131.25601 48.10734 124.010666 91.929245 
91.78593 13.562109 101.80433 11.508427 143.92635 29.698391 -3.0983648 108.007286 85.45685 127.32144 64.68136 98.303734 98.4167 65.27059 144.86032 
131.12927 83.01468 -9.957185 148.10533 117.796005 75.31343 74.636284 4.2735806 143.06433 39.43548 137.55652 23.731987 130.92157 77.69419 71.83365 
98.36157 71.44842 99.70925 67.80569 9.009863 131.35622 34.222527 92.32899 31.31007 72.18429 74.986305 90.98319 1.9423666 66.552864 24.752289 
148.74442 22.568642 -5.7267175 99.04593 98.50642 78.82843 16.52357 94.0668 5.7359877 -3.0600243 67.70361 90.71231 21.4549 -9.393352 30.990448 
19.377787 44.647087 46.08511 95.020355 7.842745 69.09586 113.42795 125.530914 77.20905 48.56237 37.069756 67.202065 38.513054 -1.8773355 49.081768 
17.341951 55.289986 138.38698 23.576603 44.46902 75.02533 63.231125 70.900734 141.24861 35.083755 130.57617 115.40864 62.648155 96.36293 99.65873 
90.76889 86.58157 110.57531 27.140434 101.90851 65.71956 84.7177 108.31174 142.85841 75.54887 88.94415 68.5508 124.91882 65.169685 61.71453 
-5.8948164 19.719845 103.7268 98.74685 100.16975 56.908623 126.77615 69.95811 148.14076 56.350883 43.29492 31.23433 122.83235 79.89067 145.44923 
125.52698 124.34761 137.86859 49.64021 100.42894 98.202965 40.754913 48.75492 47.03984 61.210945 126.41026 11.955357 47.586266 -0.46791267 -1.3571072 
149.74469 66.91918 99.213684 142.88765 28.456203 -4.3332725 18.43885 99.98816 129.71687 130.47705 124.61583 139.21983 86.84333 79.441925 78.34373 
36.847763 131.53471 148.44823 130.19687 -3.3304553 50.632763 16.860748 85.17671 144.14967 124.12598 148.59558 83.58592 145.90799 131.98083 147.3003 
145.98589 -8.5187 138.7893 112.01268 -6.195035 24.43325 -8.371792 62.326492 26.071308 125.043976 17.932135 119.748764 106.649765 46.967155 86.587975 
114.589516 35.26942 15.398474 76.86528 35.380867 79.53382 4.455655 126.20297 90.47897 134.01273 26.626526 119.27919 69.15827 26.420135 127.29776 
97.1972 92.16388 9.789879 62.533386 47.026764 89.34423 123.46591 48.42798 78.346344 74.64231 34.631256 65.51637 64.83793 66.37991 146.00514 
61.877205 65.392555 123.42595 14.244787 63.724472 120.59073 75.49565 27.49401 -7.5627604 106.828224 78.48427 39.427296 62.133896 21.76413 83.394455 
11.044346 -7.946266 131.174 30.0736 110.37612 113.16471 108.69747 104.63276 124.169785 98.572685 6.375889 52.07586 44.52622 142.46346 5.281519 
73.32347 27.369942 72.46545 91.94657 138.47212 98.53761 105.4768 47.70616 95.786255 7.177452 107.15725 24.475754 68.57592 55.05825 130.44113 
111.8898 29.770111 84.29285 8.584227 77.134735 86.65128 4.887207 23.413338 40.215313 95.873215 7.432417 79.60399 33.800114 121.540634 15.163361 
110.967384 148.1977 106.78498 63.513855 104.88467 -1.5784197 111.927345 74.204384 -3.817922 11.708307 59.97545 114.804886 71.89752 80.25892 42.85814 
143.62115 3.5447636 15.380856 79.45691 73.65974 63.63804 95.6131 99.15021 28.332565 48.396057 102.82388 132.24278 105.46851 -1.2994881 146.67653 
101.30811 95.10573 146.5406 129.265 145.1288 10.444441 94.33122 98.12744 149.57545 70.24651 99.64882 17.25169 67.4214 -5.125968 88.08505 
12.093449 121.74631 67.06558 92.074715 36.033817 105.23845 122.45514 93.71066 122.10919 30.361397 33.74469 134.71463 125.25275 113.00716 96.347885 
86.88917 86.69313 84.91411 92.22849 11.532101 103.562035 47.784348 102.56345 16.451313 23.168575 144.69118 118.76665 144.37364 82.804955 72.023895 
125.31584 16.698214 102.3537 47.873173 -3.2686205 -8.299386 128.3734 50.416523 144.96149 76.45056 4.7457943 102.51981 92.3354 76.86208 6.373642 
146.42677 149.15167 0.45136356 58.82469 105.06493 103.87522 21.533684 58.223663 104.15235 47.82304 58.747208 2.1002083 91.946304 75.12484 39.947502 
123.30705 121.1306 102.65075 39.67302 145.52887 149.99518 43.50489 109.537994 30.308662 17.717373 121.58972 62.065384 1.9246416 11.210655 113.652084 
33.628902 97.85683 8.663099 29.128662 142.32928 38.988934 -2.4563174 67.0141 131.7862 125.09726 22.511116 142.88203 31.98351 97.58462 121.315994 
58.09487 93.46199 32.82355 -5.5567007 7.1448936 81.309395 55.879295 106.898674 147.97523 130.55457 75.78937 78.19792 114.03559 84.72823 39.98263 
99.27559 145.73395 124.50932 26.827232 82.68481 2.8514347 143.53214 81.70284 105.1165 148.39423 23.585766 133.39899 38.92275 28.262177 101.59339 
124.04739 91.984985 130.02045 145.91554 127.202835 2.9241562 47.96641 69.67737 35.09269 -8.693864 10.590496 83.97647 127.46214 120.15202 0.4359007 
113.98393 130.84808 10.719004 75.26828 66.10756 118.52077 97.1741 23.372723 104.54238 27.738914 101.4388 54.70179 30.690098 2.3700142 146.13942 
43.50436 119.08487 85.333664 26.253872 16.971489 28.61972 26.732388 67.70196 88.34167 78.0234 139.94037 73.78247 21.814074 9.6945 149.3268 
58.016716 50.524723 46.15525 29.697037 104.61425 7.7466755 128.54405 138.94054 145.43292 75.381584 116.722 51.781357 94.961525 142.7164 25.724667 
13.932819 2.5096102 62.324913 113.447044 12.3643875 103.445335 148.90034 59.60543 138.79501 118.97838 10.711493 26.17657 49.933495 26.641243 -7.719157 
144.6704 19.392498 81.2785 100.78968 55.749146 52.60941 29.009907 47.621307 51.86176 -2.4868765 144.28923 80.359695 143.71875 130.08238 12.837416 
9.4672985 106.58901 5.347373 0.8843756 127.771805 22.556309 0.7925625 53.810406 19.798067 140.0292 140.52513 54.93421 121.88745 61.954857 -5.020595 
87.85091 2.9534454 29.34306 22.334091 143.37956 49.628185 26.86306 14.225334 54.836014 118.46118 82.43234 9.744818 133.00322 1.7375717 102.87238 
28.118462 144.82724 2.3895826 42.862976 41.86743 137.52359 7.3809566 104.58268 128.6595 32.434704 107.850655 10.579405 61.464966 60.63562 -1.7919159 
22.571373 123.037766 24.941105 15.27853 54.034813 102.148315 130.624 72.50368 144.59111 125.40137 49.810337 143.10834 129.36244 79.87787 132.17358 
