2294.8936
241.76018
80
60
1437.948 1207.9828 609.93976 954.4746 345.14642 549.638 517.08563 138.95251 150.06967 580.03955 1084.022 68.93174 936.29315 893.8298 149.84846 174.25287 581.237 420.3258 710.3936 196.04742 351.66348 800.4306 610.04504 1092.6461 1272.7782 1076.8247 95.278366 1209.1398 566.44965 500.68332 1020.4791 243.5482 59.88851 1127.3119 369.43195 786.77655 672.1078 1433.6426 81.28609 1406.6674 796.6239 957.4922 232.89687 368.4938 145.15205 621.849 50.189198 1390.1829 618.4999 1357.2225 834.5937 45.401382 1057.4695 1126.2706 1076.6649 781.40045 288.34055 597.49774 1302.7059 616.1657 
39.426464 843.8127 1251.5992 830.9967 782.2713 1352.1224 1228.066 1315.1066 313.2845 546.9479 50.267582 -1.7845824 819.00116 74.24873 1193.9983 155.3971 745.69696 201.26564 212.71852 1050.6302 1381.7883 1044.201 347.3285 1196.6046 514.3047 1132.9935 471.8961 858.33636 1083.7329 1361.2681 916.51306 312.06088 1169.7004 389.7894 511.08038 113.68385 1218.2935 383.3841 1364.0991 1172.8003 290.28223 134.35698 778.4794 1353.9174 583.16925 204.87787 871.9693 666.05396 1403.7644 1106.6843 1233.0544 160.33424 1176.9453 258.71396 609.08014 732.53754 510.36633 736.95667 461.91034 368.82483 
1094.1418 40.902023 1152.6501 138.02231 218.94827 312.44373 -4.1664 222.90839 985.56635 251.0004 325.00525 1340.927 543.6138 392.91336 965.8089 621.6274 1162.109 543.88934 599.53784 268.91797 64.54816 165.37128 184.59781 1205.9141 1411.379 1494.2401 990.4874 938.7576 898.11273 250.178 638.7104 68.292274 922.8242 691.3552 1392.4991 909.8881 762.46436 1321.8441 582.35254 1207.0276 608.23 348.30618 1057.1675 793.4887 951.21954 314.05405 1051.1803 1112.0895 1450.7412 540.54364 360.0222 1114.9962 708.93274 1404.7197 1254.944 1496.5386 416.80234 725.4069 337.66342 1374.3247 
48.408924 658.11444 1349.3539 748.20215 891.65894 965.20776 871.00336 1474.2751 316.1189 1402.3878 858.74927 1332.7516 795.31696 672.8144 271.8206 43.871513 1218.2378 407.013 962.4029 20.54445 172.10329 599.9114 911.0856 1114.6123 921.076 1185.9663 1173.5433 425.84503 1193.2213 619.3622 318.7626 348.87576 195.9218 1263.6903 881.4268 433.28644 977.9485 1279.3484 236.04701 655.9669 1419.5657 1452.142 48.040592 772.687 590.36707 928.2132 257.24307 552.545 1143.0255 1283.4745 1252.2704 109.585785 1269.7759 150.18318 264.74088 1340.4191 902.2423 804.15625 600.61304 1090.108 
1469.1753 43.396275 116.79824 1290.9506 1120.7659 717.57574 549.7673 985.02686 1127.4711 812.90936 474.08554 1086.5511 520.7004 763.43427 1307.684 1154.1312 412.29108 2.6131139 -2.8000607 -3.9872336 1259.4287 1113.4764 95.908745 698.2664 111.559906 601.229 1078.606 261.66098 820.88556 1404.3599 842.2976 242.6586 693.22534 503.81415 528.70996 1432.5669 226.39877 1434.7147 1129.439 31.386658 438.782 1406.4507 707.0253 1369.3074 1316.3684 404.69373 355.36392 969.11584 957.48553 338.04416 210.63478 1457.0126 845.3029 982.5635 1199.3755 1067.4552 169.4032 1154.4077 363.4081 394.68713 
43.982136 779.13763 942.0803 1199.5527 1381.6943 921.05743 915.6811 435.0449 518.7666 842.1035 1169.9552 1332.7919 1238.7657 1302.395 880.3534 660.34485 1379.3229 958.5417 56.02792 390.7012 973.19666 636.2026 1242.6123 415.9666 822.2838 90.1908 1014.5076 1231.443 1480.5773 1008.6267 636.7392 279.71384 1259.614 1077.257 1168.4445 31.490738 307.6555 306.07654 1044.7058 361.08356 901.6997 1062.8192 200.75189 1444.3624 1494.4375 1301.712 312.51758 615.99005 231.43279 636.13245 1305.1726 445.52 1427.1348 980.44836 1331.5107 713.68146 1011.80756 354.3769 410.02115 75.79958 
20.103853 437.6517 383.06042 378.83722 1430.8015 333.6568 858.78424 726.98615 1136.1721 812.95264 296.40683 3.0849104 393.5579 916.2978 807.9118 834.3945 1145.9949 761.8531 1135.5562 191.4245 268.14078 1292.7441 308.3801 1057.571 1023.3384 809.052 1272.464 790.29846 777.38153 857.60724 163.85904 1396.4799 994.4321 738.66583 1444.9573 320.29605 1185.5867 930.6646 1154.5659 631.7844 345.78668 632.76984 259.1026 122.729675 1215.126 334.86243 552.1378 329.0908 1291.1201 1495.9358 71.978065 1350.5724 534.1713 1274.6198 1287.1038 973.26385 1124.2887 274.6917 427.05444 1370.494 
43.10468 193.9874 1346.7899 750.18036 906.36505 42.079662 235.64429 1033.9844 1038.3661 375.46158 587.7392 344.5322 616.2601 808.7372 174.1248 36.80234 213.75969 641.5021 817.9766 943.5431 735.53125 8.178406 152.89235 102.238396 1410.4888 682.0575 965.7046 1072.7118 514.2736 475.2004 634.2549 1484.9296 688.438 697.64667 62.25708 1275.9454 96.23628 32.5905 397.72012 1243.2144 997.4737 513.7984 73.397934 443.69586 512.5608 387.56076 282.3856 599.2663 228.78053 688.89954 989.2926 1078.9629 444.78418 1175.5847 237.38832 487.4951 647.5051 988.7522 524.73737 532.2767 
1074.0021 1050.5627 1467.6212 887.95184 794.2251 1007.3909 622.47675 1298.0242 609.3369 1006.49207 253.17236 352.72855 549.01416 564.96136 753.6917 95.73094 1100.1045 977.06573 1032.1951 34.589264 763.1219 899.7098 525.991 116.16311 847.3244 700.87823 1463.1655 348.321 309.5384 522.38556 1375.4867 888.3623 286.4685 1166.1625 383.7347 1346.5431 1304.9629 1047.6064 505.78677 364.9765 1429.5923 315.2341 194.6323 207.9632 521.9456 1067.988 712.9868 554.5006 896.24274 1145.0684 1158.3287 682.3182 1071.2241 158.0885 1416.9921 880.28986 1018.7887 1051.6871 528.41327 47.488037 
550.52026 856.46747 1310.7532 1447.4586 674.06683 872.2791 771.8943 780.52136 1027.3215 1365.4127 1275.2455 1150.0297 109.48868 215.23172 1422.8799 1210.5604 814.41296 679.13324 1099.2771 6.9450893 228.00284 224.49846 652.3448 1067.9045 613.18024 602.47015 474.45438 441.80328 1252.5571 685.97876 1409.9409 1029.6993 1290.9542 33.42645 61.889412 1092.4357 46.95478 1334.8353 815.05914 1323.9905 1034.9159 1339.0664 308.4801 1192.6849 796.25006 1043.9253 545.5987 315.13126 1.3304772 870.58453 581.8455 835.00006 1451.0767 989.7707 1099.1514 389.7798 1390.1315 754.5964 64.24835 858.7096 
1491.5543 208.74374 367.5574 243.97679 1261.1238 1213.9507 717.08636 465.0872 187.66829 927.39374 787.04095 1208.0405 419.32504 772.61383 963.7854 66.57355 59.26499 792.0899 1107.3807 1442.2681 1338.2151 470.4282 720.1751 698.7661 515.06006 669.4074 369.82425 372.68005 120.91268 1064.7946 1152.6803 730.042 136.30176 1379.9313 1424.7015 1497.2991 430.55005 632.57874 980.90936 9.925227 861.9855 729.4042 190.94632 564.6978 1447.3633 361.7951 547.4724 903.56366 183.76315 1072.3947 1415.9813 682.8074 1081.2692 1113.8654 1174.11 550.9274 1479.9423 394.91037 1235.674 1477.2217 
359.94785 803.5056 1244.4656 670.5925 754.2192 478.63312 620.3213 94.48881 1308.7002 9.540504 1365.0842 1404.2234 226.0413 1370.7008 1293.8691 82.12514 44.60074 1031.197 1232.467 254.11658 265.74225 1424.2126 804.8238 473.34274 1263.7141 1030.6775 1310.2666 987.42065 1308.8447 1480.8828 793.56335 990.7266 911.3956 1349.063 221.95287 131.8934 1105.1764 103.51849 737.00433 964.3509 86.94506 1278.8478 210.53345 334.31113 124.69142 252.24911 997.8329 36.071888 735.13354 637.6563 283.15872 898.8931 1228.1448 14.680443 251.75488 67.987076 273.3725 1248.942 679.695 479.35416 
622.01105 576.4015 1337.4747 524.297 1174.5449 821.7202 540.5969 619.44824 603.29517 279.5185 820.3575 1042.0597 731.7675 187.63544 1125.6622 718.1178 1231.1267 1183.1427 1146.9833 1202.5745 352.60455 79.91332 221.49886 956.6103 678.28455 736.0073 364.04913 1436.3856 361.50174 134.99864 1376.7897 1.1765885 1282.0455 242.63896 536.32764 341.14087 845.4602 1133.93 275.68307 256.21384 630.0009 475.76068 1124.6367 622.7969 859.2202 1341.752 1235.8947 708.9664 67.73742 313.85095 1151.0303 126.90646 722.47394 754.51495 1309.3497 1428.1475 181.52406 1114.0352 1244.664 487.9785 
477.87683 349.66492 239.45096 510.09613 1345.4027 341.7354 48.04577 81.14715 1499.8773 366.87207 90.30027 762.33136 708.32446 494.75372 909.62714 41.63925 560.63367 517.6003 879.4599 145.6173 1453.2274 1040.7156 14.940836 1323.7784 650.53937 882.9682 427.083 571.9029 871.20044 158.04819 1229.7443 1247.5135 17.123337 1130.702 990.4959 801.7493 925.12695 336.92096 964.87476 1366.7109 1027.3484 573.23145 44.564888 1266.108 1073.4536 232.82196 1128.7726 1244.6964 1069.5745 460.2288 134.4285 853.56287 1225.9785 691.6978 249.881 1258.7886 327.70682 1245.1434 863.42834 695.40045 
939.80273 566.8319 517.3781 306.80902 1436.3007 1486.5308 1170.3198 257.11996 904.8411 463.88745 1139.9492 249.8085 481.6385 906.22705 1296.0946 16.248121 1104.5354 1321.7898 1473.5559 706.49817 795.0528 1472.672 236.99802 1302.5708 948.6647 163.37569 120.4085 1301.1228 91.01096 753.92773 1411.572 273.1457 1031.3986 775.98334 657.60065 247.7659 1208.7345 756.19696 515.8067 460.7082 523.9863 268.4107 415.1106 1105.3229 772.3697 154.88997 651.7315 985.3351 1142.7272 116.9166 804.1285 783.6326 760.98096 1411.5414 861.02954 670.4783 414.11624 389.19098 1317.9149 1487.5049 
1065.8857 1436.128 891.5058 1490.7324 980.3108 926.4702 1408.6494 866.6312 719.10065 1050.5879 685.4912 1174.9492 1359.3108 530.2226 204.97385 800.6185 1237.9176 1160.5916 545.5163 1284.5624 170.49896 626.0809 966.19037 374.63376 1391.8811 573.8663 783.8338 273.2359 1062.4343 688.94617 455.3184 682.3966 164.68484 244.62485 38.62497 105.199234 1441.0444 179.4406 979.46936 1309.5101 979.75726 1039.8978 845.96924 1205.8826 1147.6095 1048.133 447.2455 331.3671 99.5565 559.82196 1332.9116 24.715246 1392.1848 725.2152 449.12006 1006.1189 1179.8434 940.18463 433.20724 856.20166 
744.355 504.55167 503.00555 124.44783 511.45197 811.7751 758.57776 1266.6359 1379.4631 427.2826 1163.4675 1079.1293 733.32825 652.34344 1159.5592 1150.0706 24.71298 306.40228 1444.2906 278.6221 1311.855 1478.2184 1486.2756 28.402054 130.78505 1324.9905 460.35437 1255.1766 242.7337 1278.8838 295.71802 261.68478 900.86334 7.022702 26.024288 1329.1971 1172.9418 1499.0658 1243.3633 1101.0397 455.2163 1350.9338 808.518 1417.8486 951.53625 129.13048 628.2132 497.768 1120.727 32.362408 60.950645 1157.1444 719.3214 1015.84344 1176.5857 888.5357 696.01715 863.751 841.0183 578.00446 
1248.6521 151.79135 1206.2423 502.7399 574.058 1079.7267 857.526 1358.0217 810.8902 378.0171 493.68085 274.42197 275.4156 368.44083 198.2167 1046.9252 680.2855 960.66876 1333.678 1132.3403 996.522 1100.2902 1348.61 1129.9775 1184.2992 683.7133 211.41238 1433.0652 518.6185 711.6981 872.8051 504.79663 181.64043 801.0161 498.75052 163.21072 1329.2654 1152.88 1098.4579 503.33743 205.53479 587.33594 207.52782 1378.1648 4.5617104 484.769 1294.3865 1312.0247 785.9951 1179.0386 1013.9065 670.9329 21.471228 1316.5286 445.51407 119.27242 1001.11273 661.5764 864.1424 1060.957 
245.89755 416.32593 461.10577 190.88141 58.640495 1362.0387 573.34314 719.0242 513.4038 959.2952 533.50555 1320.0493 640.38544 1016.31915 1025.0488 670.62695 1380.7213 457.862 830.8317 1169.9849 553.18164 56.70606 1065.7184 1231.3901 1087.4415 1105.8588 973.33673 1283.363 746.4626 451.94125 544.4528 1454.4265 668.5357 849.10504 189.38939 1374.1093 942.70215 503.05228 1284.5371 1195.7343 1444.5979 626.3781 403.28516 508.25146 1158.2448 909.50665 654.6343 1265.0006 562.95355 390.9511 338.34348 76.82834 678.29254 171.4895 1378.7119 515.42426 1174.0312 544.123 699.99725 830.0915 
1476.071 1415.3551 1400.0344 1142.4194 23.63908 203.41737 244.83266 163.49028 867.4412 430.55405 230.80177 727.31604 1403.0425 659.3747 542.7859 737.1777 708.47876 332.58517 1405.2687 1108.4181 1424.987 176.11499 1495.9542 1252.0248 619.789 817.7747 60.424316 1328.034 1350.0607 1282.0956 153.72781 781.383 287.5778 651.9323 729.56537 975.34326 704.0404 903.74084 1225.2 274.08197 147.74731 1241.1852 945.3453 1491.2095 1068.1176 290.8685 1411.0624 270.40112 670.5371 1014.5411 35.129894 902.30743 630.14636 1324.0894 353.4427 269.00375 839.4789 823.9811 1062.7433 403.17426 
596.31024 1320.6057 1078.391 1044.0713 1309.6853 309.13223 1336.935 946.0489 1293.8505 336.0838 806.97327 1053.1268 46.742252 164.82198 393.15045 1484.6135 786.75183 721.52734 477.17715 1027.2849 228.72386 41.064037 551.4371 358.99997 172.52919 140.32649 1495.089 1111.9177 905.0997 241.27733 1114.5684 180.67403 539.51056 696.9092 750.0473 886.974 1482.5542 710.78815 1191.7173 397.06174 1020.2604 14.669592 1324.7318 932.4402 313.98776 213.9171 924.2609 1222.03 228.03735 1212.1005 1022.3927 465.6821 1153.2178 479.20032 296.54977 854.5859 729.4326 842.30457 974.67896 1003.65436 
979.1518 903.54736 1110.7217 1394.4062 27.581242 22.3107 214.77206 794.21716 794.4492 1387.3851 20.89441 109.06352 66.59255 74.87133 1171.7822 1257.048 109.94348 1149.0898 28.317608 274.0577 1424.0936 66.666016 248.61436 395.886 917.34314 1308.256 490.31638 933.0211 1410.0303 458.08746 1231.7599 1195.0995 673.9814 1343.6061 1322.109 551.7065 616.1203 901.0357 862.7233 179.81126 854.6341 977.58856 256.8306 250.62346 261.60333 162.39613 122.03832 1460.0739 811.67523 1355.9669 30.344318 202.43591 147.18205 507.12738 338.08215 1120.8302 1241.0897 1271.9502 593.6728 1216.4836 
1385.2988 1191.1344 799.1447 70.64955 1293.1133 1115.6653 1497.1313 1334.0415 391.1434 705.3526 1378.459 1498.4758 832.5175 516.02234 836.4956 209.17984 125.034134 698.72003 513.15076 633.8779 164.81268 98.274025 102.7843 346.33875 238.0699 368.961 324.31357 467.53915 455.88403 96.818665 573.4911 661.9798 389.19507 586.3592 941.66693 174.97467 923.834 979.0491 1339.346 788.9286 208.07318 1271.9448 1087.5042 1187.7148 1298.0485 1077.2972 406.93848 303.27142 824.41345 7.7722387 1280.8873 982.4434 356.75763 147.17572 693.78625 4.919056 1220.6449 233.21277 379.2958 719.8278 
1295.609 86.86697 533.67816 719.2012 1101.0822 132.4402 631.1859 566.031 441.025 448.16043 1361.3768 1483.1046 1276.9784 1419.533 669.1687 551.1421 913.362 291.28928 907.01105 861.0189 468.10864 848.87 1399.7627 1115.015 1416.1418 251.86682 806.74036 996.1022 1342.7792 1399.7457 456.92816 877.25226 1003.8752 569.47363 722.5242 834.63043 1369.4069 695.37964 927.84143 79.32346 857.24554 233.6963 1105.0768 1456.9445 114.06321 377.74643 235.61444 463.05603 1025.6741 1274.6681 990.34155 169.85638 814.62744 770.9029 689.9179 250.98625 1008.5352 26.41308 171.06458 56.630054 
993.4438 1226.7367 817.71436 1330.3097 1382.541 242.54385 411.3014 351.89844 356.6261 1338.3132 707.55865 968.4187 1049.0656 545.1139 747.9381 1110.1306 424.4065 87.24623 797.17267 964.26514 101.42794 868.6751 359.55853 327.5127 813.17017 902.7677 1000.2509 1296.0374 628.40356 697.842 284.24066 1183.3551 476.0727 886.4235 1424.7051 1386.8888 1156.4829 1402.9125 159.11292 788.38995 545.3837 22.569824 290.80307 881.70746 374.64877 1274.3462 75.75349 1433.5714 1280.951 351.0964 83.9114 1234.1632 576.68896 828.15186 1466.764 1429.243 1055.4309 70.052666 242.79602 749.5228 
127.31679 210.48364 1315.1003 1260.7843 1168.1774 1457.102 210.6901 184.96973 754.6167 1005.9973 1443.991 963.1008 1090.9373 704.98083 932.58527 265.41742 162.58582 1050.768 841.5277 1112.5707 729.743 382.3864 783.45294 1444.0543 1033.7904 1326.8186 1055.2578 646.3102 1078.6498 1327.9723 348.35382 58.109226 143.40695 746.5614 888.3614 144.87267 1037.2108 391.37338 751.64105 991.5744 1447.1671 161.7029 650.2457 25.74389 579.8348 1246.4398 173.71584 1112.876 1061.9772 1187.4116 470.63818 26.2462 1276.4207 728.10315 1095.0411 471.7284 794.22906 858.80206 137.51015 710.71625 
54.914433 810.55176 548.37115 790.6629 392.07608 68.033066 770.4139 588.068 1067.6818 400.6407 751.4033 827.9668 344.18912 461.57318 1492.064 862.1056 164.84142 1261.7124 1113.3104 70.022766 768.76587 973.43286 1192.2466 113.19878 698.9543 1054.253 709.8588 12.285946 372.81036 1031.4144 804.3865 716.1838 866.7118 1036.0616 63.07106 189.38756 1342.9542 1294.6813 386.35623 1015.604 24.51901 655.8565 467.63895 36.102974 820.3378 682.1953 723.35785 330.65265 1056.1163 1315.4951 987.5443 1482.1725 1158.321 867.8265 1486.9596 593.4313 1296.635 1317.2339 1147.595 35.21359 
803.0444 1199.1813 400.62012 840.3875 1013.73 508.7024 1165.8325 642.21204 253.10782 483.45444 1248.2814 718.04486 127.68591 404.51974 979.01855 181.33133 740.88934 1389.8528 1313.863 945.388 883.6396 989.72595 1194.6576 717.02765 744.2707 49.39243 1455.7405 1091.5175 1455.3143 301.4572 449.26257 637.70917 328.79092 999.11975 1126.5365 1423.4355 450.90997 251.53888 583.8203 1471.428 1121.497 169.05792 1224.8127 905.0787 1063.0443 1458.9226 1323.664 826.3429 629.0112 891.4289 416.48804 359.95782 970.8884 337.14294 1141.2098 973.9409 1058.5845 362.95148 1040.0695 621.02094 
1133.893 553.2204 286.26553 1264.2568 502.1553 252.26733 451.0266 917.60095 772.74725 180.68507 839.86505 128.57753 939.68427 705.79443 1226.8907 115.5619 389.46884 525.6478 528.8405 1196.3712 169.28287 591.5597 285.91214 793.00757 439.76462 206.09447 1494.5852 369.42828 1367.907 106.810974 123.35593 1460.1643 202.0605 145.82849 1405.7163 302.4523 617.63367 746.45984 1465.7705 233.30319 258.84378 370.73846 900.5931 1290.5911 398.79205 1015.6549 229.8086 538.81287 342.21143 1476.3158 16.899662 715.64325 1107.4661 191.03772 8.43453 769.7885 1226.7706 1436.5984 286.7471 468.93143 
1291.1406 236.4808 513.5985 1363.7479 164.28473 1375.9662 957.00305 1075.0784 47.50872 870.35986 1040.7109 1441.3396 1335.7096 1191.4647 745.806 747.1748 1427.711 1217.6597 1206.4984 1167.156 1467.5153 904.5814 367.47098 1425.0785 1496.5258 786.4652 1153.0728 785.01434 1435.4371 1422.6519 1434.243 144.83061 783.27875 409.6391 777.29694 1201.3186 240.05046 271.3205 729.6075 148.42934 953.49493 1158.735 930.7775 831.3667 354.8146 810.73236 294.11127 1269.4486 592.5581 1118.4486 882.0676 354.71573 1148.4791 1149.3813 1465.9048 241.24031 853.89996 821.1573 253.9114 311.96744 
1104.9988 80.790764 1059.4598 345.70728 495.48862 1427.3481 479.61285 931.5891 1345.3491 554.45197 717.17175 96.8871 839.6344 1183.9862 1198.8595 406.63187 321.89044 598.697 209.80112 259.8337 932.384 584.12274 934.5848 257.46017 32.171986 1119.4309 17.964355 1156.5352 1180.0209 1442.2954 1233.7007 1207.8552 830.3219 174.89932 1278.1282 211.85657 1006.4442 526.52014 285.78094 468.10672 1420.4178 892.91754 582.816 68.74573 531.4421 1338.9263 35.029892 189.95447 1427.4822 373.23645 75.9833 353.1901 91.13171 288.33447 7.1161404 1114.4955 1307.9966 1038.9714 985.76874 725.6635 
828.0853 194.33057 1113.705 960.4171 758.0807 492.26978 283.07755 1092.0505 924.90967 593.63306 933.7702 921.1723 163.72884 585.6421 -4.294222 273.2869 491.3012 480.80777 1477.0193 1440.9576 983.74976 41.634686 1458.9606 829.20465 1400.8446 1331.6288 1146.0114 420.60938 1332.3043 44.76706 804.98444 1018.31964 790.07465 138.63678 179.80157 1360.7803 1464.1842 1435.9116 864.2414 401.5502 1388.5717 189.69641 1078.1951 196.00919 1132.2286 1110.5408 848.8696 824.10504 520.1093 1476.6019 931.9392 1219.5493 1262.5205 113.51678 813.8604 1441.0284 1261.1239 722.0337 50.43958 0.06558895 
194.2591 179.35187 1078.2686 373.14188 824.02594 1289.4143 484.82953 997.56635 692.45306 458.11176 1244.9115 906.3688 404.12323 506.46707 25.476261 1007.1822 672.8274 523.39087 823.2659 958.68256 1340.1732 569.5265 1174.2555 870.6543 1154.59 1085.0336 826.51544 600.1649 974.83704 776.9015 788.17615 1416.6473 617.95197 225.52702 69.9604 1082.913 472.55234 1455.8429 212.18777 167.2484 1004.546 1415.2434 1344.2435 818.78394 1108.596 658.9153 845.2524 1209.2665 1310.1378 272.9543 873.1009 139.21497 534.35474 1201.824 125.01247 1340.195 245.27446 189.29573 1061.5928 1462.6068 
900.0758 840.99915 282.63812 254.95142 1220.765 452.10785 1132.0247 901.01013 457.61325 470.4853 455.6843 140.75642 1251.1371 218.8261 386.01126 824.101 841.94336 878.9401 313.04065 1058.7666 1430.465 352.34906 1047.3954 1034.6862 901.46625 1123.7906 77.30621 372.32343 256.21234 563.059 1026.9742 331.22488 998.364 1420.8495 266.17075 342.93234 682.9857 210.92079 436.24304 1479.1052 1441.5352 278.94043 335.6343 1301.3345 459.34198 962.83514 903.6118 948.66504 160.87415 65.33565 299.1483 317.28534 392.04495 846.67175 1202.803 839.1937 1127.9159 949.05396 743.0085 617.90234 
843.4159 1224.6582 604.38605 1019.40454 254.11572 1170.3217 44.583378 1260.696 788.6715 425.05063 667.65735 626.11505 154.28223 890.74664 16.20921 153.64708 591.3951 822.2612 1081.3204 814.1241 188.9348 1235.0066 1473.8335 245.94286 1001.5348 846.86957 587.67645 1026.5237 380.60373 1046.1016 200.73991 59.2368 286.5732 973.1922 856.27875 995.9344 985.3431 272.47232 172.9359 1275.5438 812.7634 433.33737 1014.2612 1498.4015 946.9763 1221.5353 1089.035 254.13516 649.57605 912.9198 1016.7956 267.94153 342.84274 795.43414 398.7166 1461.0453 326.75107 749.8622 812.38605 925.97626 
266.06638 311.0592 735.0941 871.0556 1069.5997 1158.9581 693.9572 481.1434 1490.6146 1187.6362 487.57452 653.2667 1314.451 1231.1235 1077.943 1096.2218 631.66797 311.43393 1313.0413 942.6231 187.38673 972.51105 329.83347 390.15894 950.06946 768.3918 539.44147 661.004 450.65958 419.91412 165.88629 704.4406 1145.8733 1336.7195 2.110941 597.7427 787.4403 1305.1362 1446.9603 1384.2888 1112.2628 747.7672 19.41816 830.6886 781.7863 57.251026 646.67786 206.42839 787.35675 424.7194 265.55917 -4.825123 186.97765 437.9289 662.37317 361.4087 222.67322 319.91125 1079.586 1274.5044 
36.614433 736.25653 348.53363 209.72035 333.27185 907.8196 631.0004 261.81854 1489.1206 1125.7244 1273.691 597.1939 1160.8428 687.0287 293.49448 954.46106 177.54782 407.30835 1347.9703 176.41977 877.2618 1495.7216 854.6708 1168.2004 1302.8251 1403.8212 1029.7515 727.17676 637.3824 1211.498 1160.8241 404.92493 1319.8474 1001.9595 36.15364 1200.1086 1201.083 437.5702 637.1162 808.67194 1337.049 1414.7225 483.2963 219.13548 195.83934 488.6348 1479.726 816.1067 336.35522 1353.1276 1153.5465 64.34005 772.34216 465.97623 672.80725 1048.8125 976.65765 1422.3986 1073.2079 1018.3153 
641.92834 82.5977 1489.336 231.006 920.2071 1244.0538 860.35864 920.21313 90.84659 225.43327 766.17914 1432.5409 187.5685 796.5673 1213.7966 97.98168 217.62598 1142.9412 424.96622 1153.3134 1243.0334 783.53143 1300.2966 185.52948 641.06757 27.628895 281.59772 361.43253 1463.633 224.49498 173.63893 757.80536 282.62836 674.3111 298.47018 218.76886 596.14825 374.90344 220.11479 1103.0317 688.2172 111.15088 174.75116 1288.7445 1032.7583 377.81674 1466.4662 1282.5797 1195.6722 251.78564 1101.2859 1317.478 182.22678 526.33044 42.467186 15.224564 1215.4387 1188.0876 1337.9677 600.64746 
174.76505 796.8762 1456.604 843.7697 1188.2188 844.3606 222.65358 244.68468 314.97098 749.82733 1024.5598 793.27716 179.60948 505.02316 11.95862 77.1643 1283.4857 1250.0847 51.462837 821.39343 488.00174 1054.0791 1350.509 327.50073 799.26355 1311.5701 325.1038 982.50824 1423.2579 725.9267 581.4878 1040.3163 1465.5997 300.80023 1123.5793 793.7353 909.9378 1028.3059 497.55362 1085.0934 729.3101 1060.9714 742.06995 81.952614 1370.0934 784.43677 1357.4662 506.9756 983.7076 864.2256 404.70786 482.39127 161.90079 757.6464 1074.999 1309.8286 1467.2699 1121.0273 1278.743 610.5102 
911.64954 1063.0397 752.97266 633.92596 206.14282 931.8264 734.4635 880.1462 1182.8589 1037.0099 71.488846 766.8726 9.874281 142.43103 390.5778 1207.1766 1097.5404 1076.6432 525.70026 602.62897 866.0225 315.76855 1236.0156 799.1835 1145.8756 317.31717 269.69485 1264.7495 585.53424 1438.9586 625.3551 577.85675 1441.8304 948.04315 819.3289 291.19858 342.03616 85.87504 301.332 127.12619 8.473315 240.35379 1093.0901 324.35672 84.43535 1151.6226 359.13937 1001.25867 93.018 1407.787 1301.3228 1436.0818 783.47235 1471.6025 1098.4739 8.410455 767.8608 1044.2664 440.3971 773.9366 
749.12164 334.09598 470.53625 106.37151 1135.1307 60.929405 119.6546 1015.9472 721.98444 466.53723 788.44214 703.49133 668.52344 1137.2041 735.2119 902.50574 1213.0675 1076.9056 1120.7516 269.02386 1177.4363 1228.1843 460.9548 185.27962 22.59387 1462.9105 324.07343 888.3799 1204.6772 86.605385 378.3043 539.2414 1254.7379 967.8949 1431.9509 260.02515 1135.2642 983.97034 1382.5872 915.18256 866.4321 1003.63416 968.48804 652.01294 45.08562 1261.6277 1455.0933 1236.3242 1454.6368 186.45566 1311.4198 -2.6114964 309.44266 818.8511 761.14996 123.88751 1002.72076 1099.3544 325.58783 1418.9547 
247.74005 1336.2229 1340.7987 1307.7386 12.844002 914.03076 154.02458 1095.1359 606.84814 1013.8704 574.9026 109.46969 1092.49 188.02669 675.1054 539.93005 1396.9033 515.3574 560.76886 21.530174 1024.54 1318.3851 700.4748 951.1852 584.56775 64.2813 222.61841 1422.2717 1311.5353 114.50906 264.70367 867.6906 505.01675 1126.8756 568.483 1163.0195 351.01993 1419.1464 743.88544 691.81946 1140.1753 905.1702 1206.3634 -0.46616554 5.112115 1287.6752 1421.6266 1455.712 421.9701 1351.5089 1223.7305 166.47421 1008.6943 517.1161 527.14056 635.2379 1025.6207 611.47534 1355.7002 1354.731 
1166.8699 312.54742 116.40023 232.2241 919.23517 1398.5289 228.4657 717.73627 133.57953 484.84882 998.55743 581.68945 997.23285 444.89963 415.8181 1404.1174 1394.5225 1384.9487 1376.0852 372.07184 291.36243 304.54517 1292.8379 1380.3082 948.776 621.0024 1203.3514 1167.6875 799.3349 880.2184 1197.0891 902.978 719.75916 61.174835 1099.5793 48.90988 702.34125 662.94775 178.898 1157.3953 822.4344 1375.9564 78.40229 1016.80756 268.97403 423.4812 1018.5492 64.086464 439.89178 355.1851 1247.4713 935.2279 1474.323 966.49347 544.48004 662.4046 1318.7104 1146.2014 392.81982 974.5664 
799.26337 479.60864 1287.806 1200.871 743.74164 1200.8136 463.94522 82.70857 636.20746 395.5378 139.75931 1155.402 359.20813 434.99625 536.8121 1129.8835 388.838 466.8834 1354.872 582.78644 389.2641 1191.4998 13.235878 550.41736 969.5933 249.41043 783.9859 693.0249 357.41077 586.7963 496.35297 405.62436 1089.9241 485.8358 1472.4229 355.39456 690.4114 1280.0376 198.1346 898.3245 234.59053 1268.4359 734.89386 184.35388 1473.6007 857.95056 191.15144 975.7257 1012.5206 255.02405 564.98315 642.64954 1020.7339 170.84605 53.046185 418.65875 942.9973 609.0982 303.2863 540.2391 
307.76736 596.168 1463.4209 201.40326 232.19576 1086.2091 94.53596 1178.8922 131.21967 1217.257 1064.0964 1292.5934 1301.3395 1264.8508 395.29648 698.5854 803.0029 1261.2544 924.9501 938.9409 283.99493 1116.4236 1230.0597 1183.0505 1024.8724 1476.3245 618.7904 899.76434 1186.2738 70.07022 754.82434 288.094 486.88715 9.61746 -0.026267529 336.5624 1004.9634 1104.436 588.4899 1237.5469 575.52704 1298.6523 17.721704 618.12 1329.8538 189.65456 163.64891 157.96101 963.36005 1180.0425 1311.3451 12.884777 1497.7815 474.1085 349.60727 399.41336 763.4047 590.74207 710.83234 261.60327 
982.1597 686.76697 856.71686 21.03298 1267.5828 1283.2373 1192.5087 744.45386 1453.0135 912.1502 387.35107 1336.1128 139.9049 562.35974 45.723503 1483.1658 823.7911 41.222664 1350.106 1487.9198 421.2867 922.6463 147.77344 474.86194 572.46924 212.76428 260.05878 158.56776 889.1365 1176.4225 825.5168 1330.6139 1345.7231 826.0217 1009.1656 689.5643 911.11163 754.0344 408.38776 912.9474 1361.1798 1201.6901 1277.1311 833.89655 633.68713 1073.905 813.7668 787.78674 459.0256 1244.5253 554.3316 1340.769 297.4309 296.3409 366.91412 897.57623 990.4856 372.13916 364.6232 750.3555 
1342.1305 726.2651 563.9239 458.56668 116.94614 1370.7767 762.1182 837.1801 301.16586 346.30173 187.40524 1361.506 74.7387 630.1269 562.261 861.9892 1475.7722 537.88855 225.84824 701.22107 126.85574 765.46783 113.78495 1308.2283 1011.0882 719.34247 1283.8807 71.830894 519.1173 741.6973 1279.3842 530.487 722.13367 671.0546 1131.8743 945.57684 974.5581 260.0486 1174.1796 1228.5259 529.1107 89.240234 419.6048 979.5105 716.05475 1364.5435 667.3141 391.74707 7.6745195 335.9196 874.9263 450.5266 1363.4624 1136.4823 868.25665 1450.2231 806.0661 184.05507 249.66402 1305.4788 
882.7807 1326.5221 325.64835 454.64746 552.2534 308.021 691.18414 1254.367 251.11847 950.1444 22.772459 823.8188 855.47437 40.83126 939.347 760.83575 1232.4762 1458.5621 1054.9802 204.52357 1212.8265 395.80093 314.8008 525.46893 1125.6167 293.36713 1320.6548 219.92964 672.7982 636.5677 700.8237 543.62225 1256.5422 179.46922 943.5446 1463.8536 888.885 135.64871 622.1697 155.77995 1214.3497 182.12723 935.5493 654.51666 57.686954 1082.9584 1485.6266 389.67477 870.4807 1150.123 1055.2893 1217.6504 722.13025 456.9636 1273.2432 1239.6587 992.63837 1353.3792 184.04126 785.0677 
616.70856 682.4016 1020.4315 450.064 1165.8894 639.57056 1411.8722 741.0603 822.8878 1049.7365 122.40224 745.5413 129.72055 205.53238 323.05298 550.2376 1164.07 72.77959 533.64014 1222.6145 1006.07025 505.51285 61.08454 176.6693 1305.7593 207.15125 1171.3761 162.93965 189.60342 194.57355 809.9176 1170.4453 817.82587 708.50696 330.26306 785.0067 752.7504 886.687 499.19946 384.0163 862.0123 905.70636 211.71327 1292.2722 1294.2788 308.33286 272.62793 756.9281 9.075435 420.34924 522.60315 616.961 331.41727 449.64258 1109.7466 773.8131 1146.21 1300.3549 79.30334 465.02606 
1026.8022 501.39508 942.7615 1331.7524 156.64772 856.5104 144.24055 1199.0034 1417.7657 427.41202 481.2126 1404.3715 1174.5768 487.16434 588.44904 6.7519417 841.73456 763.1553 748.58136 921.2825 1254.7751 467.4903 1419.8176 180.3144 952.75995 1162.5764 1296.167 1062.7375 547.60406 720.99713 17.989813 70.39047 1170.4476 591.5188 910.8125 70.60502 1136.255 877.2117 378.12503 1393.1578 818.8076 937.2248 -0.68581486 1113.0328 209.39389 820.7089 1376.9756 187.4309 1023.79285 1129.746 1198.5944 956.41174 173.59987 302.9163 680.989 851.39435 1319.5476 852.3094 621.97144 814.5025 
1496.2399 1079.3674 122.39145 754.40155 1339.6329 183.94095 153.10852 1355.8387 130.67581 361.33105 250.45871 150.57436 285.75122 1458.8938 840.4719 1416.7709 1216.9479 866.99097 736.43353 692.1929 787.7372 438.68607 1031.383 778.76245 927.3289 1428.6034 1111.7946 1367.115 64.83632 923.79663 685.99414 219.8035 72.39395 213.30585 1210.835 1060.7117 1339.5398 18.319546 142.77167 1456.0532 584.5002 851.5061 1064.7576 764.0581 571.49506 -2.870272 43.31713 936.0765 1086.8209 103.02365 370.74313 331.36813 275.26196 761.35834 470.60968 421.2857 607.3289 782.4123 1045.6995 115.91038 
221.9345 989.2306 741.0009 472.45312 308.37323 731.1381 195.6477 129.89449 985.8963 345.56555 161.54468 528.4059 1003.74396 805.539 337.9534 285.0657 989.23114 4.4893074 440.49347 1044.267 631.37 1480.7415 879.859 1131.9958 1182.5559 621.1621 280.0439 522.85596 741.0436 186.9609 1453.0253 377.30948 272.29813 274.57028 146.66289 214.1125 1332.8165 365.86017 1425.0377 399.3329 1405.6852 1299.6833 975.5768 1038.6556 1382.9633 1470.8934 1355.0865 218.9049 430.96597 688.52826 507.25555 242.84258 195.65382 1216.8103 497.2751 1443.3369 1476.635 820.97974 359.97366 183.94032 
1114.7324 1124.7456 1386.2667 887.7614 619.67664 907.3191 1198.7802 1385.2727 1446.2465 765.5725 1311.2236 144.35649 694.10114 635.862 1362.46 537.45715 978.61865 1095.4419 525.248 1041.185 267.2907 1240.2048 1141.3175 953.0931 158.60924 28.686546 223.77946 1458.6366 1022.9253 111.89177 224.86652 1218.5171 1497.4607 1394.514 1326.6592 327.71075 1410.5082 1045.5532 294.75583 402.48645 1067.8711 105.16501 424.8143 1445.6294 482.75995 874.8154 1034.5151 1367.9048 973.68945 49.462353 698.772 100.51716 98.40184 923.5327 778.9519 128.9542 305.47833 1201.927 307.45926 83.13735 
64.09621 268.14352 1362.2806 742.24506 731.33777 1173.8865 886.99634 679.92267 730.565 423.20023 545.3187 781.8489 38.635582 1124.2513 915.4388 472.788 844.1554 268.37393 928.3282 1184.3264 1498.5378 303.8857 780.6782 432.4643 1406.3716 1046.4851 1422.3379 1316.1139 1081.4851 3.7484665 109.955635 1208.3413 1085.1432 1003.3603 938.02625 691.882 713.0073 428.22867 1405.697 429.05798 702.8495 251.56677 682.4981 553.72986 1320.5243 1481.3534 1298.6265 719.3284 87.36793 696.32446 860.5361 402.3272 533.02344 769.7927 770.3644 384.7415 1048.6683 1288.1472 1498.1602 -2.6311069 
706.76196 562.8369 1358.9685 797.5231 519.7211 1283.0135 927.57623 1165.9542 216.38583 1210.7732 1392.1233 177.49863 416.73904 487.1176 898.8465 1123.7548 22.112125 1039.3365 648.9366 1028.7445 950.02246 889.5017 569.8631 995.084 709.8672 539.16113 1157.5485 173.6662 177.92761 917.1201 1132.4576 919.23126 192.52687 15.407511 1242.0115 1437.4926 397.72702 1013.1364 1068.7277 161.67496 1131.6523 1308.992 1378.1472 1112.4226 1273.382 485.50354 32.913612 1460.0364 1395.3667 497.09308 159.3383 551.91516 611.4964 564.1289 1135.407 1150.8888 1444.2659 996.8625 1189.461 1291.8584 
1497.9719 386.17395 276.72186 1179.7847 1208.5099 117.513954 926.4167 176.60735 804.1331 95.28986 1220.5128 1213.1136 30.487556 307.21817 115.968445 839.1292 667.34283 31.839771 655.97015 181.65588 78.69976 397.47784 561.84064 1070.7426 647.3776 417.4087 751.17487 841.94324 469.75638 783.9096 524.28784 272.19055 876.0818 293.15115 220.24585 782.79095 1316.63 1173.6082 910.59 819.03577 239.06987 867.77826 1088.3605 335.61465 1177.5629 5.518465 182.18185 125.61444 1094.498 747.23425 989.981 1033.3948 351.2691 511.49225 1429.3723 668.03925 805.1726 994.36365 1411.8696 244.40181 
265.32962 166.95334 1260.862 887.98834 401.5159 718.11975 963.72266 23.046381 115.92182 856.34955 1266.5155 1010.26935 869.1592 388.11533 325.50665 436.46652 1323.28 699.81476 413.09454 993.396 71.18134 346.56604 746.8294 676.7159 643.5303 1103.7189 853.9114 1318.6664 681.2641 425.9275 924.92615 39.666496 1313.7953 1269.0298 1314.6066 1144.4803 750.28186 936.77686 474.0938 257.98843 1248.7123 927.6651 753.5103 768.88556 610.097 1151.7399 515.6562 516.82056 457.76004 848.25653 756.29346 669.5885 1499.5793 817.5136 1323.7902 936.99524 999.03845 59.006157 15.865583 301.92096 
269.11966 68.28562 348.79678 586.93036 251.39569 1151.5575 209.72667 211.49854 1451.1566 1015.10187 335.64832 540.5519 1238.0475 791.05853 823.23 859.5605 635.4867 1116.9818 6.893587 299.86002 901.0827 123.84291 1478.4626 965.2287 319.37692 420.83307 355.2534 357.00314 377.49997 920.4031 604.70184 50.17387 883.7492 1488.4662 1272.4883 1471.9717 433.67038 322.5839 732.65216 1217.4282 22.956905 770.2598 1242.371 648.27545 1276.3698 450.17 970.92285 37.331696 1221.9219 661.27747 1161.8442 720.219 749.7757 1338.2944 1244.4508 1474.8507 645.65283 1116.8866 185.6983 1176.6359 
354.07434 233.34348 1110.8262 313.75742 442.4133 816.1806 461.3477 1432.1975 302.56995 1086.2834 426.72977 874.40857 518.0599 612.75464 371.54114 1478.6583 1330.4435 833.5857 482.93536 193.11063 980.31946 883.63617 1429.0854 274.65134 1244.5538 702.1757 87.58828 677.31104 1173.0251 1318.4209 163.91658 133.8969 164.9258 851.0806 1018.714 1237.1029 1161.5809 26.914673 1434.098 162.93806 189.8208 248.70354 18.165678 549.7825 1372.1736 1259.8325 1173.5813 1305.7662 642.5333 1485.8973 560.46655 1340.4456 978.5026 778.35535 1345.808 778.9496 969.3085 1036.2667 1251.2551 422.86414 
521.047 1059.5951 1353.4863 712.12854 1159.0253 31.372173 861.2894 791.12885 1075.1377 541.26917 831.1251 499.99057 466.539 259.76254 178.21776 1158.797 185.35722 815.1354 963.156 1443.0883 112.829346 140.01172 799.5731 1493.5342 210.0339 804.9868 876.7265 1461.114 961.3466 1279.1855 1366.6978 261.48727 1450.8516 16.259321 1084.4952 178.49336 1091.2018 484.41415 1145.5554 106.8778 978.8438 210.55081 744.01306 443.4131 69.09474 1166.4962 166.63808 1443.5535 384.2921 1254.6039 1461.5199 242.64342 543.12506 190.71054 562.42444 1436.4863 469.29807 814.5524 644.2413 955.7713 
1167.8802 1421.2601 572.09686 1177.4558 408.0482 417.48334 1426.5149 1078.7056 831.4447 727.026 149.47375 155.40485 1216.042 1213.613 351.33102 607.56836 1421.2266 467.55527 1366.3651 1143.2075 200.80191 238.63094 150.11696 1015.3364 1256.7435 484.4597 724.8072 838.8366 1067.8353 1362.0099 524.8491 1179.844 288.76535 289.6504 967.8844 670.1684 16.867432 1303.3342 1482.8237 533.01227 915.4551 863.08496 1125.0948 308.91495 344.6155 269.94672 1475.6688 7.4181433 682.4056 868.95184 659.46625 25.419786 86.623055 1360.4652 60.42868 762.5649 599.71436 535.4688 1284.8802 767.3072 
1451.9241 879.96857 126.80452 1049.4689 510.4917 1234.7203 933.31134 251.22232 880.5568 683.9051 595.88116 978.4254 1481.4476 1215.2107 312.93756 288.15063 200.1963 299.02124 971.9232 1251.0668 947.44977 356.05725 734.33026 304.05536 1474.4254 690.86383 375.07303 354.0752 1333.2002 98.00114 853.18 553.8205 1186.4142 753.6554 1149.0308 1108.1663 576.42175 132.66017 354.26477 1277.7384 1283.0262 1084.5935 424.05072 217.20285 1078.2024 1332.6998 917.6191 981.02985 800.62286 1385.875 46.83436 1058.555 237.38828 701.84845 1204.1096 403.13464 1400.0829 788.9966 950.1529 32.069378 
1352.1738 619.9328 1033.8746 1059.7617 314.80984 237.1306 1086.281 1006.259 1273.2798 854.35803 207.33539 1161.9365 276.74365 417.6293 1374.5742 1406.5797 364.3664 880.71027 369.735 1122.5333 141.64824 1152.9565 409.7714 721.9049 936.57544 1301.4056 636.4125 1137.0332 1046.1937 1009.59845 1193.8547 1311.5614 1335.3448 1052.5625 647.2693 791.4919 95.60252 775.75354 855.5497 366.5409 758.8913 1010.52264 1015.1349 491.96042 1146.8801 1289.8536 917.79517 849.7502 164.00586 905.6965 538.9889 370.84283 388.8982 23.215073 799.76904 386.41238 41.055428 907.6588 464.24585 226.93195 
1116.8508 226.37334 826.2975 226.98332 731.3361 56.671165 863.56104 1422.1101 1104.8541 169.89864 758.73315 26.196396 801.17255 648.05493 172.86337 1498.9534 201.70596 1121.7465 1307.6322 243.09875 1403.4075 962.0932 263.57242 1254.7281 901.0789 839.4415 1413.8134 1233.1921 853.17615 1248.3854 243.20729 738.51764 598.6631 1436.6473 1015.6306 520.0423 141.11104 89.83125 177.84375 144.46652 210.02988 659.921 1336.5414 644.96906 1353.3694 787.67017 186.12663 880.383 19.2357 702.70575 1123.3031 1239.6815 909.13007 1130.2506 295.79523 962.18555 659.4355 1334.8593 1186.3783 512.9714 
972.45374 484.4566 809.92773 330.93268 413.02484 187.27182 1375.3832 113.8266 1066.6499 1334.9667 296.3627 460.42505 1465.0814 832.37244 83.65872 184.58052 20.546598 832.7702 730.0036 1059.6167 495.1239 1082.575 732.2979 388.9581 1127.307 1400.6187 1098.9646 60.324677 1073.4594 524.96484 1465.2114 501.13358 227.68665 589.3354 291.76352 446.9756 1424.6371 466.7773 348.06265 538.1622 15.876598 520.16205 359.01974 771.376 291.7797 1447.4672 580.155 794.39966 932.32745 869.5654 114.36378 751.7465 801.8106 839.42206 604.6033 1007.77246 654.1974 1434.1815 1020.5156 1056.507 
132.84683 960.61914 1033.3702 1274.0126 1460.3201 54.82261 1027.739 829.551 1321.2777 873.7761 480.0029 176.21912 1043.8359 649.72253 568.1281 1404.9987 1147.2982 1107.7975 929.1471 1023.3613 1416.8827 1333.4469 135.43451 955.6649 218.91672 1248.5673 3.1753445 1347.5848 192.98804 699.14276 861.391 1315.733 480.7067 822.3877 537.5085 1386.4365 1149.0599 518.0549 310.73895 434.3702 899.82214 726.6161 527.46344 1432.3682 75.11962 41.483208 173.41722 1483.2742 953.0458 1333.3002 630.7094 448.1353 121.16969 41.608166 768.6184 787.38934 844.8897 1292.8619 565.66394 1197.9531 
1361.845 488.85892 1296.6705 1404.2802 1308.0184 1441.1318 1272.4119 430.5218 1480.7378 219.75104 1070.9508 223.9008 193.51373 529.28394 1483.9778 216.28691 1207.5437 1305.3688 348.28775 681.7481 1494.7495 1477.4716 307.03552 162.54561 992.4221 136.91779 1257.5609 1214.6377 149.8989 574.21625 1232.3859 1341.2639 1363.2157 296.025 672.45184 264.59036 1159.3403 144.84967 1331.7844 465.71695 222.42401 1383.7096 360.55695 317.56738 995.48425 1308.5582 943.9519 1388.3167 282.07486 1133.2028 1422.3162 1365.0433 1128.7881 39.833614 298.84915 633.23883 1080.8887 348.04102 74.467155 137.65376 
459.98123 1096.3782 1075.5488 373.71445 69.38045 583.1085 703.9793 1301.4078 1114.7672 36.766346 1165.2849 300.0966 534.7931 1417.5557 789.6775 528.2015 728.52454 1317.4131 1387.5133 1471.0685 434.0074 29.767975 490.01016 563.62225 409.77466 869.6502 1143.0653 1436.6036 1293.8229 675.8121 1276.6702 1391.282 757.4366 393.96133 999.7247 932.5439 1464.2543 1414.0343 510.02466 784.1668 823.1385 584.6754 481.81235 682.90546 91.73726 1044.738 1268.5624 1274.7418 236.10492 639.67126 781.60956 332.27972 930.3899 380.11496 1435.8129 386.80026 569.3895 180.89238 1416.7014 1371.9393 
970.722 930.856 169.44731 43.292946 897.47327 87.72341 1303.5734 1249.5146 411.43848 1462.1189 53.51657 705.6291 931.4964 626.52936 44.0427 843.3523 141.23108 772.7763 166.03378 356.18466 1414.6456 150.90764 112.356415 1203.9208 1433.7021 378.12234 1255.3583 752.00775 866.4638 1033.4542 472.03827 455.87503 359.81635 1152.4612 950.08856 1178.9584 181.10368 1271.0947 1122.8165 625.6439 1403.5228 404.25525 948.4205 946.7719 1375.794 247.28062 829.2147 1425.6538 1397.4454 747.7578 349.1784 636.78357 707.03754 855.60236 758.6371 542.55115 621.78174 371.30612 832.9759 15.30304 
828.3117 1100.619 43.031567 788.03845 460.8085 898.70087 113.213234 1436.8765 819.2897 272.95612 1259.461 767.1852 62.63704 186.34732 117.868546 847.9255 47.852634 21.972132 556.166 275.32843 309.11215 985.0848 1054.29 47.50013 1032.4125 590.5443 736.9505 840.926 1204.0006 551.8793 1045.4456 493.13516 1363.3142 377.77475 207.97266 267.975 233.86282 417.8055 332.33762 1021.0471 1238.3383 1351.6677 1367.2726 1477.8595 1137.2523 644.9945 383.5397 1156.1608 868.5708 635.07837 1123.6196 641.7408 754.13776 471.47153 669.06195 23.7038 12.163712 134.48422 352.51022 1240.8528 
263.6924 529.0613 747.0026 815.35657 229.75153 237.3801 243.39993 233.31659 204.8444 690.7849 637.69244 1039.1969 296.5467 1170.347 523.4996 1242.337 755.23346 20.426302 361.28925 328.9273 1167.3815 1371.0962 1374.7195 191.89496 525.4682 1158.1914 1396.0292 774.12225 1147.2167 664.0384 701.5927 562.29736 1046.8287 782.63776 1150.5924 694.4856 1425.8865 1355.1802 1359.2598 1434.2007 426.80844 840.3002 515.29016 1217.3547 372.09857 738.39716 1186.8463 1195.9688 658.14056 360.6869 1288.0289 243.94058 507.96045 486.38544 772.81714 1470.4789 768.2028 290.5736 747.26074 1441.0415 
1291.5493 80.84149 1045.1362 708.7407 1046.9459 1482.7701 50.37549 51.21937 876.2972 507.6723 780.3177 383.93933 322.73962 430.78574 1372.2422 1000.6763 292.20886 1174.2854 1491.6973 440.76733 236.78076 1262.0697 679.8566 245.31996 860.1842 472.25992 443.50766 161.15831 742.9588 1173.7509 1475.3025 636.7561 1076.9628 249.95035 1073.5895 1418.7854 31.32225 181.05486 1470.4823 21.196463 1089.4606 1290.8221 1253.8198 1135.9377 409.5411 639.8216 853.3266 1030.52 678.5196 1349.5713 1463.59 767.63904 983.0098 5.801793 1416.4366 595.9764 1128.3379 149.32832 77.91561 814.1204 
490.4853 234.65605 810.3689 366.26953 664.1012 1069.497 538.0101 1414.0117 918.40405 412.83347 105.01805 1328.0096 606.5847 1135.0289 1368.4033 346.8635 1388.274 1290.7552 1078.8052 482.77176 638.7454 424.18512 580.93915 1219.8649 782.7841 1100.9789 131.62907 286.24994 1085.5736 683.0847 1232.2314 1344.868 862.52765 45.2692 1143.7861 1296.2439 384.72342 936.5919 762.41327 1428.0844 496.48306 1110.7517 749.3179 22.468216 381.6924 1271.3418 1299.2584 1311.0657 600.6466 1271.5736 703.4913 802.4203 854.56903 757.9562 228.01035 557.8326 625.46216 618.74927 60.370033 1238.7977 
1169.618 1440.7498 468.49768 484.26343 918.94183 147.11493 17.683796 1410.2009 255.22256 599.47784 512.37067 87.109055 83.6227 1444.5695 482.4514 153.11133 2.9538727 518.9256 1404.5388 1281.2435 901.7536 835.0257 897.0664 784.3824 1025.7867 663.3911 504.1433 100.01721 1154.3567 1002.7491 181.80142 849.7313 1149.7306 739.3612 931.64453 1089.8225 216.05856 292.00925 55.93758 1059.9711 1371.3969 1365.9324 1269.8586 701.2385 8.835223 17.22006 1325.9777 1227.9702 310.26993 1488.7762 1198.0231 235.36543 344.06525 1264.9939 1165.6486 1060.5779 700.7038 1079.7021 419.22577 920.2134 
1098.536 670.7863 1293.6508 1461.0046 674.91174 1485.1149 222.7767 288.25848 1471.2976 1049.0566 1211.3617 868.395 154.47011 677.92194 844.35706 372.52936 489.50824 457.11984 703.95026 1102.5808 369.10477 608.68726 203.02583 989.8378 297.66687 404.11652 64.60891 1438.2551 482.78012 583.0855 1475.4171 1421.0162 595.8762 547.7758 422.86127 644.0518 198.36034 633.95557 1223.7091 1064.2759 59.031914 272.8973 914.15125 8.272564 1033.3623 102.5047 905.1982 549.0482 1380.0814 831.728 339.17188 749.2471 840.5693 1099.4647 687.55884 658.92426 401.7478 597.65985 802.6394 119.56599 
603.5258 1308.2498 1090.1217 1303.5531 377.36252 439.92337 662.47144 1424.6743 773.1824 98.41744 722.7529 145.61444 972.7022 483.204 616.5745 877.56384 908.2099 153.98405 1345.1649 1400.2284 791.9736 1497.356 475.69946 372.55286 202.75383 742.39386 240.74203 550.4145 1417.341 458.64005 667.0703 822.3912 1376.6466 196.1939 1445.2133 1398.4647 1327.6412 300.1608 314.7453 309.17926 1214.3484 1475.7155 991.7524 344.34348 43.18085 65.429344 673.9154 605.83905 1080.1366 7.3119545 1040.3395 1083.4762 109.75907 1285.2269 497.59885 416.12515 378.3113 1092.9543 1280.465 1387.543 
931.3118 554.19525 390.43726 712.41534 1018.43896 183.2361 652.5075 863.13727 1411.8214 364.8301 470.55188 1271.7667 151.90187 1152.0859 669.36993 699.40515 148.38632 1402.8027 116.6658 996.97845 1497.2736 597.7421 491.20242 1407.0275 353.5947 83.78537 1428.95 1440.6467 698.29016 515.78674 1372.2974 412.15823 1476.5979 438.20782 348.29895 1286.4523 1369.4365 696.29156 850.4865 775.1828 503.527 161.61838 924.9954 18.167723 1470.417 833.377 1070.6232 540.4089 709.14746 1324.5773 1313.968 788.1232 1397.0302 571.7335 324.98074 324.05392 422.89655 292.25702 1285.1012 1368.1185 
1272.2174 1140.9073 479.651 904.14166 968.69794 575.1763 143.3044 67.02008 447.30478 564.40125 122.27214 577.1717 1074.1979 903.74207 984.29517 230.53146 559.707 391.89008 832.6705 917.67523 1106.3176 1495.5272 1468.307 324.8749 324.61453 139.10347 174.2469 1358.0197 231.26662 1125.4579 1335.1752 627.3727 714.4318 1146.175 1065.1902 1007.0763 73.41111 125.33725 70.51026 733.1666 425.98676 1306.5099 1344.8495 917.6135 228.64226 735.38184 648.9152 88.56363 1041.7816 119.47019 1471.8475 388.5297 1464.139 1121.695 1041.453 592.7462 1032.8037 786.4312 941.7673 829.2877 
1207.6696 819.8542 700.82245 150.83517 266.66635 961.0064 1043.4933 990.16614 920.82623 1126.0377 1453.9484 1052.5443 941.09875 260.49432 344.54086 848.1888 176.83813 888.36676 667.94434 236.91357 269.05563 346.84702 1276.9531 209.84676 799.8572 567.3877 516.65375 1119.8607 717.9646 851.71106 1421.6007 1042.9762 1153.8597 720.87177 361.22733 1252.5383 771.8819 816.34186 654.96375 351.40472 175.56116 1009.35724 1339.4429 754.73566 296.5758 643.4422 13.729105 1417.23 1021.9851 175.10942 1464.726 88.8123 783.80664 1439.2257 113.78557 876.8439 64.58457 833.4249 547.0769 1265.9034 
692.32404 505.25574 1316.4476 1278.0651 13.05752 716.4558 9.362426 1367.3837 24.34986 175.86134 685.991 1316.9943 543.252 545.9796 1108.6779 750.8282 57.566933 918.17975 723.83136 609.4535 1449.806 392.78995 933.7379 525.96 1083.883 1158.1274 90.928474 543.1252 1045.4156 401.63535 975.50226 382.32095 1382.4897 1086.8497 116.24792 1192.7526 1499.8763 1066.8802 1304.4935 701.65454 1030.9852 553.4503 1065.362 677.0146 78.29248 125.31511 419.51483 1224.2399 989.58093 1091.0505 144.52278 701.9408 1299.0992 63.79091 138.72276 954.66394 309.66217 1429.4808 581.7873 1341.976 
