100.0
100
373.16345 94.33542
811.09985 83.63748
180.12398 954.5487
97.55679 64.15679
430.5585 693.63904
686.75635 490.95013
868.2718 92.204
515.5031 159.93396
199.05154 941.7279
781.2768 611.3256
407.0807 220.38406
893.70996 755.15137
171.84085 78.74842
838.279 45.267235
70.71882 723.2227
936.7362 967.9137
15.222047 867.9744
704.6304 271.9594
287.65518 415.4582
878.3344 935.3709
620.3049 421.09113
712.319 336.07837
990.6248 199.41246
331.97992 475.29095
193.6094 637.06555
268.1496 387.44684
796.4887 392.19803
296.49118 63.366997
781.07294 680.3846
358.29556 311.81418
35.520496 773.93274
648.7713 989.54083
869.9986 174.44226
924.7378 941.0435
899.6501 657.7444
705.7024 806.6236
963.47736 35.856647
320.62247 580.98645
229.19653 532.34564
687.224 434.49533
271.81424 125.4986
301.5681 845.3275
707.62054 77.96186
162.62721 533.1643
915.49036 142.01318
259.954 33.67861
483.82858 606.39124
812.0948 7.967053
284.1914 433.61475
659.2205 542.20557
491.5593 225.9803
85.51941 760.1916
446.43512 653.9374
875.213 45.06745
985.38385 282.29468
590.63135 46.403374
754.3272 437.72183
901.6003 434.9503
62.85097 875.26715
292.4656 59.756794
37.978493 522.1199
626.3993 760.9761
192.30882 503.60413
856.2017 596.5724
34.113903 989.39795
636.6369 652.2688
15.93376 137.23123
715.4053 921.4616
943.40436 556.82056
758.18005 965.4582
947.49835 268.56033
697.70447 194.28
261.05334 89.49532
787.7655 644.4028
334.40912 743.35785
289.9315 72.190636
275.1688 761.961
124.26103 30.413479
203.54572 421.99716
874.7605 350.11813
877.4523 544.2987
256.1882 111.25911
860.4326 971.87494
520.87354 752.8755
580.7361 938.54895
312.53915 447.23444
861.27435 341.77356
158.68567 242.24428
887.8995 141.21501
133.91762 762.5728
127.38608 718.9506
223.66011 452.2898
406.69623 57.633533
571.0363 440.4843
221.55032 19.736565
99.2453 116.192314
355.02344 843.99457
967.60126 410.10028
55.831013 214.42201
941.4644 597.8757
