25.193102
20
5
31.389801 137.64694 72.1118 45.036354 133.50269 
106.91173 49.58851 8.409212 65.73116 93.1572 
39.41158 112.88834 45.848415 58.260574 120.91708 
10.366938 54.39898 -2.993483 106.65694 15.08688 
140.933 41.312866 93.62856 40.868294 50.686794 
113.89784 116.584335 140.52733 42.9841 -2.2974906 
108.8355 38.561317 47.163803 113.163086 42.9972 
126.46161 81.37089 146.20915 96.15186 13.295805 
24.078941 65.64493 40.939957 92.48206 97.74349 
89.35205 126.11804 58.959763 78.51693 4.533781 
-2.844624 49.241722 5.486887 -1.9986677 119.471725 
120.114685 107.43125 8.284803 23.950073 50.035885 
74.61422 12.132002 136.38931 100.55471 -2.3209047 
83.74002 19.593214 13.37001 75.22463 115.845436 
108.82314 141.91447 36.18326 127.58046 138.37344 
104.638954 132.65047 64.783455 -0.94064236 140.45096 
13.34601 124.23349 53.438976 45.04252 107.419 
104.06004 127.62152 10.124083 12.839842 138.36005 
55.545967 75.86235 113.15359 54.83555 13.644899 
0.10106468 0.9002867 20.047123 30.839981 106.22514 
