100
2394
n 0 1 30.03549
n 0 2 88.03217
n 0 4 32.613815
n 0 5 88.172
a 0 5 15.686398 65.76012
a 0 6 21.33992 79.161934
n 0 8 30.3379
n 0 10 82.89436
n 0 11 66.11545
n 0 12 84.61668
n 0 13 95.13294
n 0 14 69.25873
n 0 16 53.272743
n 0 17 45.75643
n 0 19 91.388626
n 1 0 29.562836
n 1 3 95.77487
n 1 5 93.60433
n 1 6 41.14309
a 1 6 20.55365 98.42204
n 1 7 37.28734
n 1 8 37.016216
n 1 9 49.80316
n 1 12 58.374313
n 1 13 73.22803
n 1 14 36.65297
n 1 15 68.95698
n 1 16 16.435017
n 1 17 15.637102
a 1 18 33.57328 15.689377
a 1 19 8.327305 44.489666
n 1 20 56.891674
a 1 20 29.807407 66.38765
n 2 1 69.28718
a 2 3 24.083797 85.96268
a 2 5 15.152069 15.4412155
n 2 7 49.09702
a 2 8 19.297918 28.524685
n 2 9 74.78039
a 2 9 7.5727806 21.312672
a 2 10 23.15069 85.772675
n 2 11 74.123726
n 2 12 15.762623
n 2 13 70.33632
n 2 16 73.05995
a 2 17 40.350487 43.248913
n 2 18 37.927834
n 2 19 82.077965
n 2 21 59.18785
a 2 21 7.9674745 70.77343
n 3 0 15.923355
n 3 1 23.055529
n 3 4 90.46312
n 3 5 85.85078
a 3 7 20.083046 17.852041
n 3 9 67.5876
a 3 10 26.257195 70.99712
n 3 12 38.90139
n 3 16 97.71245
n 3 17 99.43014
a 3 17 18.375896 13.258383
n 3 18 55.79752
a 3 18 37.01569 18.256317
n 3 19 48.90595
a 3 19 5.238151 70.64989
n 3 20 52.590508
n 4 1 65.83516
n 4 2 71.403625
a 4 2 26.950636 67.69092
n 4 5 75.995705
n 4 6 66.900406
a 4 8 22.985704 48.013393
n 4 10 57.804977
n 4 11 69.738205
n 4 12 82.452805
n 4 15 15.62635
a 4 15 48.223217 88.73984
n 4 21 64.2673
n 4 23 57.306297
n 5 0 80.36241
n 5 1 62.175526
n 5 3 61.104397
a 5 3 43.897858 58.656616
n 5 4 68.656555
n 5 6 84.774
n 5 7 55.24984
a 5 7 10.297882 26.429543
n 5 9 44.8013
a 5 11 43.879353 22.252232
a 5 13 41.027843 64.876884
n 5 14 59.25779
a 5 15 23.490583 93.20234
n 5 16 33.603992
a 5 16 36.698723 38.585518
a 5 17 49.298103 28.328016
n 5 18 68.742584
n 5 22 65.03528
n 5 23 47.251137
n 6 0 19.818836
n 6 1 13.307714
n 6 2 23.543945
a 6 2 47.51822 21.125309
n 6 3 35.506577
a 6 3 41.416637 37.5969
n 6 7 98.47528
a 6 7 39.93128 34.476006
n 6 8 18.038235
n 6 9 93.583664
a 6 9 6.1142826 66.197174
n 6 11 12.623871
a 6 11 29.452324 67.45999
n 6 12 44.26131
n 6 16 51.251045
n 6 18 36.183723
n 6 20 19.484917
n 6 22 37.14824
a 6 22 45.34671 35.447433
n 6 24 54.770355
n 7 3 51.72051
n 7 5 34.043217
n 7 6 86.35834
a 7 6 19.18022 21.446106
a 7 8 24.924889 15.129428
n 7 10 72.08562
n 7 11 27.068964
n 7 13 45.91348
n 7 15 34.92655
a 7 15 24.705074 15.523116
n 7 16 17.98714
n 7 17 19.593973
n 7 19 92.25012
a 7 19 31.640688 57.101883
n 7 20 11.572246
n 7 23 80.37616
a 7 23 44.248783 51.788364
n 7 24 10.200214
n 7 25 55.513336
a 7 25 38.758053 59.759155
a 7 26 45.50335 13.308776
n 8 0 28.89838
n 8 4 26.028057
a 8 6 9.230467 24.177532
n 8 7 65.23053
n 8 11 89.13367
n 8 12 69.95331
n 8 13 61.887043
n 8 15 60.353024
a 8 15 14.305025 87.52323
n 8 18 77.503395
a 8 18 13.042715 16.581642
n 8 20 30.445625
n 8 21 25.186188
n 8 22 37.61102
n 8 24 76.42825
n 8 26 92.82442
n 9 0 14.997837
n 9 1 89.71366
a 9 1 35.228333 48.502834
n 9 2 81.91963
n 9 5 16.280155
n 9 7 69.970535
n 9 8 45.220566
n 9 11 22.350033
a 9 11 14.961765 32.494553
n 9 15 52.99014
n 9 16 76.163536
n 9 20 77.98483
n 9 21 33.457825
n 9 24 23.030514
a 9 24 42.937122 71.83079
n 9 26 94.06933
n 9 27 54.13
a 9 28 38.943005 16.585957
n 10 0 40.962456
n 10 1 57.71617
n 10 3 51.925133
n 10 4 30.254286
a 10 6 45.71749 86.1899
n 10 7 34.129555
n 10 8 62.571068
n 10 9 23.371548
n 10 11 44.84228
n 10 12 85.65832
n 10 14 19.931095
a 10 15 49.817947 62.02351
n 10 18 78.01864
a 10 18 29.122595 82.160255
n 10 19 15.081322
n 10 20 57.647003
a 10 20 35.108894 73.83434
n 10 22 16.567474
a 10 24 6.4573584 84.38548
n 10 26 55.019295
n 10 29 71.07844
n 11 0 13.86337
n 11 1 52.750202
n 11 3 25.707226
n 11 4 10.516801
a 11 4 19.305843 84.5948
n 11 6 83.59892
a 11 6 35.215034 28.940351
n 11 7 64.65144
n 11 8 13.531473
a 11 8 14.67666 91.97922
n 11 12 97.359825
a 11 13 21.787262 42.75112
n 11 15 58.442894
a 11 15 32.444 17.664852
n 11 18 27.857592
a 11 18 43.493687 93.210526
a 11 19 19.48101 20.17
n 11 21 43.015003
n 11 22 74.73404
a 11 22 22.808867 92.51656
n 11 25 17.93016
n 11 28 99.45176
n 11 29 35.988686
a 11 30 6.4898996 77.46205
n 12 0 78.97098
n 12 1 72.97378
n 12 4 36.987637
n 12 6 48.128517
n 12 8 96.89974
a 12 9 40.186234 14.544121
n 12 11 10.1747055
a 12 13 41.58358 65.30634
n 12 14 82.2422
n 12 15 83.03739
a 12 15 9.141397 12.894224
n 12 16 95.84613
n 12 18 56.926773
n 12 19 71.10098
n 12 21 77.70232
a 12 21 44.17146 37.680786
n 12 27 65.033226
n 12 28 51.956425
n 12 29 76.56322
a 12 30 21.413235 89.49954
n 12 31 30.11457
a 12 31 27.33804 39.50672
a 13 0 15.033354 86.085365
n 13 3 59.955276
a 13 5 29.053082 40.84711
n 13 8 13.451618
n 13 9 46.3536
n 13 10 22.198936
a 13 12 20.453754 44.58443
n 13 14 85.651764
n 13 15 62.46836
n 13 17 32.67031
a 13 21 26.713308 41.258514
n 13 22 16.691244
n 13 23 23.271149
n 13 24 35.837585
a 13 24 30.50195 73.42735
a 13 28 23.331642 56.60673
n 13 31 67.0329
n 13 32 80.412964
a 13 32 36.844 14.324434
a 14 0 11.421318 22.011377
a 14 1 22.47249 38.22147
n 14 2 81.45546
n 14 3 60.517586
a 14 4 28.493843 42.925632
n 14 5 18.682148
n 14 6 72.60315
n 14 9 16.617193
n 14 11 32.701645
n 14 13 11.541204
n 14 15 18.393925
a 14 16 31.817059 29.80561
n 14 17 92.99593
n 14 19 53.843388
n 14 21 50.40498
n 14 22 50.34004
n 14 23 88.6164
a 14 24 9.723467 32.3705
a 14 25 18.366096 76.23746
n 14 27 52.10356
n 14 29 48.255394
n 14 30 88.73962
n 14 33 20.724281
n 15 3 59.54956
n 15 4 68.383026
n 15 6 64.849625
n 15 7 46.62839
a 15 7 36.864895 43.728077
n 15 9 15.872736
n 15 10 80.47267
n 15 11 43.640564
a 15 11 32.21671 18.754642
n 15 14 82.216194
n 15 16 49.421856
a 15 17 12.72513 46.427143
n 15 18 62.796894
n 15 19 75.07869
a 15 19 15.881438 62.044846
n 15 21 30.64288
n 15 22 11.170748
n 15 24 30.505985
n 15 25 12.162415
n 15 28 65.25011
n 15 29 96.85131
n 15 30 58.71496
n 15 33 17.873045
n 16 1 88.68427
a 16 2 49.459225 43.70897
n 16 3 20.987831
n 16 4 17.704802
a 16 5 38.937576 46.28825
a 16 8 26.36353 81.256004
n 16 9 73.78534
n 16 12 52.710125
n 16 15 20.403122
n 16 17 24.615852
n 16 20 88.320045
n 16 21 28.013086
a 16 21 34.656647 25.742397
n 16 23 25.535255
n 16 24 66.155594
n 16 26 39.557278
n 16 27 64.02551
a 16 27 36.75595 35.12092
a 16 28 14.52002 79.65357
n 16 30 87.48438
a 16 30 19.443195 13.421228
n 16 34 23.800613
n 17 0 52.251343
a 17 1 13.908626 14.412052
n 17 2 69.02658
a 17 2 48.462986 37.849014
a 17 3 40.43506 66.048325
a 17 4 32.824295 86.66288
n 17 5 66.974655
a 17 7 36.72802 63.9601
n 17 8 49.672314
a 17 8 41.422787 72.12047
n 17 9 34.2697
n 17 10 83.99392
a 17 10 44.82916 71.19046
n 17 12 63.96321
a 17 12 30.466742 55.627422
n 17 13 81.91814
n 17 14 33.67469
a 17 14 38.46891 63.228516
n 17 16 50.455845
a 17 16 10.476425 11.155188
n 17 18 89.75281
a 17 20 46.676945 37.99827
n 17 21 62.758617
n 17 23 83.52099
n 17 24 33.83513
n 17 30 93.20988
a 17 30 34.85192 77.73867
n 17 31 67.89621
a 17 31 29.755749 62.251503
n 17 32 69.25645
n 17 33 55.99411
n 17 34 24.828596
n 17 35 84.369545
n 17 36 26.936441
n 18 0 40.733986
n 18 2 71.36497
n 18 7 21.332186
n 18 8 90.3338
a 18 8 26.568483 61.26567
n 18 9 15.1702385
n 18 12 17.545063
n 18 16 95.27855
n 18 19 76.19168
a 18 19 19.956749 27.59323
n 18 21 44.00148
n 18 22 78.62295
a 18 22 8.495331 20.364311
n 18 23 36.056946
n 18 24 52.62808
n 18 25 12.047796
n 18 26 22.835995
n 18 27 96.38036
n 18 31 41.721493
a 18 32 49.472214 50.47376
a 18 33 40.37733 30.472063
n 18 36 83.757065
n 19 0 48.30396
n 19 1 73.18434
a 19 2 24.925646 23.456375
n 19 3 95.07124
n 19 6 33.245377
n 19 7 61.56943
n 19 8 68.95203
a 19 8 29.609411 19.975922
n 19 9 42.487698
n 19 10 61.95506
a 19 10 30.778406 80.9509
n 19 11 88.47605
n 19 12 39.366455
n 19 13 60.070465
n 19 23 51.257153
n 19 24 22.84313
n 19 25 44.077457
n 19 29 76.594986
n 19 30 62.157917
n 19 31 39.40914
n 19 32 39.003143
a 19 32 20.922825 93.94136
n 19 33 91.11913
n 19 35 55.930332
a 19 36 40.406868 78.40025
n 19 38 11.3751745
n 20 5 74.36095
a 20 5 13.486025 54.861248
n 20 6 18.14399
a 20 6 12.039225 50.85377
a 20 9 22.45196 63.4097
n 20 10 88.60845
n 20 11 92.700745
n 20 13 89.262245
a 20 13 18.209091 96.697
n 20 14 44.6392
n 20 16 74.34873
n 20 17 26.19589
n 20 18 43.545265
a 20 21 30.532034 73.21303
n 20 22 75.951294
a 20 23 26.805864 44.771935
n 20 24 18.869404
n 20 26 93.30982
a 20 29 28.375227 82.278786
n 20 31 62.749084
n 20 33 21.383318
a 20 35 9.948252 60.855713
a 20 36 49.080784 30.035769
a 20 37 13.434974 50.80796
a 20 38 44.15588 77.82085
n 20 39 61.154087
a 20 39 23.352188 76.139725
n 21 2 48.745293
n 21 4 10.90964
a 21 4 49.74513 38.00567
n 21 8 33.954082
n 21 9 61.304325
a 21 9 24.128176 93.09927
n 21 12 77.741035
n 21 14 28.347517
n 21 15 63.773773
n 21 16 39.25872
n 21 17 40.413757
n 21 18 42.631874
a 21 18 22.668562 45.90777
n 21 19 32.773956
n 21 20 68.92203
n 21 24 94.062195
a 21 26 9.979449 96.17786
n 21 27 98.250046
n 21 28 96.64858
n 21 29 67.768684
n 21 30 29.955902
n 21 32 42.19894
a 21 32 47.48097 68.03584
n 21 33 10.607405
n 21 34 72.75092
a 21 35 19.716057 67.089645
n 21 37 53.639477
n 21 38 22.20885
a 21 38 39.504047 54.78631
n 21 39 90.53996
n 22 3 82.05834
a 22 6 29.364353 55.158596
n 22 7 38.425087
n 22 12 98.82908
a 22 12 41.95149 42.265327
n 22 13 29.993643
n 22 15 27.86395
n 22 17 25.542562
n 22 18 38.101593
a 22 19 48.25507 57.252235
n 22 20 84.765434
a 22 20 45.280552 76.1604
a 22 21 20.75729 29.043367
n 22 23 58.703636
n 22 25 70.28615
n 22 26 13.251276
n 22 29 49.419357
n 22 34 83.51787
a 22 34 45.29063 76.39359
n 22 35 68.1344
a 22 36 8.375723 39.241844
a 22 38 41.580265 29.508472
n 22 39 59.434174
n 22 40 98.04051
a 23 4 19.523823 78.92124
n 23 5 96.594124
n 23 6 84.59804
a 23 7 39.992073 35.511757
n 23 9 27.88557
a 23 9 40.388172 38.634384
n 23 18 96.18391
n 23 19 18.376274
a 23 19 46.29623 92.27071
n 23 20 76.611404
n 23 21 98.437675
n 23 22 76.07883
a 23 24 25.333101 84.7563
n 23 26 96.636215
n 23 27 38.57597
n 23 28 68.04273
n 23 29 71.19856
n 23 30 18.38816
a 23 30 46.77291 82.26607
n 23 32 89.02724
a 23 34 8.662468 59.97698
n 23 35 35.877014
n 23 38 91.557594
n 23 39 36.097244
n 23 40 80.32803
a 23 40 27.89939 44.899536
n 23 42 85.783195
a 23 42 44.988518 61.780827
n 24 6 43.664913
n 24 7 16.383093
n 24 8 15.66255
n 24 9 25.078209
a 24 9 24.45052 45.998997
a 24 11 21.172312 56.748726
a 24 15 40.125286 91.52013
n 24 16 58.3146
a 24 16 47.01552 37.99843
n 24 22 74.75217
a 24 23 16.127682 29.333796
n 24 25 77.73262
n 24 26 77.23052
n 24 32 70.43288
n 24 34 83.00073
a 24 34 37.678574 43.085976
n 24 35 61.42758
n 24 37 57.519123
n 24 39 29.85546
n 24 40 35.39272
n 24 41 90.16549
n 24 42 10.707951
a 24 42 32.1016 19.792973
n 25 6 91.453674
n 25 8 30.003414
n 25 9 30.025526
a 25 11 24.039288 87.635635
n 25 12 67.77989
n 25 14 16.1559
n 25 17 76.2738
a 25 17 24.184275 67.799835
n 25 18 55.85099
a 25 18 27.945454 52.103825
n 25 20 90.302986
n 25 30 98.405846
n 25 35 19.73507
n 25 39 22.201504
a 25 39 18.060299 98.95927
n 25 40 68.98515
n 25 41 91.60629
n 25 43 99.624794
n 25 44 16.268606
n 26 8 50.55982
n 26 10 97.788506
n 26 13 98.70223
n 26 14 96.25296
n 26 15 97.54274
n 26 17 78.82487
n 26 19 47.27773
n 26 22 58.69829
n 26 23 16.090822
n 26 24 67.25223
n 26 30 30.842445
n 26 31 74.71305
a 26 31 33.623795 33.180138
n 26 32 87.217834
n 26 33 84.011375
n 26 34 48.576927
n 26 35 63.707024
n 26 37 11.720097
n 26 38 57.219448
n 26 39 23.444752
n 26 41 47.281
n 26 42 80.94883
n 26 43 10.652801
n 26 44 89.61031
a 26 45 16.57349 45.332508
n 27 10 30.403622
a 27 11 14.236072 10.422244
n 27 13 27.911783
a 27 13 12.1886635 41.635944
n 27 15 62.377483
n 27 19 83.96821
n 27 20 62.7788
n 27 21 84.99505
n 27 22 43.710392
a 27 23 32.445427 91.81237
n 27 24 73.4938
n 27 25 22.423407
n 27 26 13.995557
a 27 26 34.4495 44.24488
n 27 28 89.318596
n 27 31 23.006786
a 27 34 5.7722354 91.92143
n 27 35 41.70083
n 27 36 36.633003
n 27 39 50.060173
n 27 40 66.7332
n 27 42 57.116642
n 27 43 18.432013
a 27 43 49.066143 65.38988
a 27 44 31.4598 47.134075
n 28 11 10.282139
n 28 13 78.62849
a 28 13 30.935213 76.04525
n 28 18 94.12397
n 28 20 82.013405
n 28 23 78.53215
n 28 24 15.083274
n 28 26 87.323044
a 28 26 18.953259 65.04485
n 28 29 28.148054
n 28 31 18.37806
n 28 32 47.931625
n 28 33 80.96562
n 28 34 75.44873
a 28 36 7.265343 58.36471
n 28 37 45.578964
n 28 40 86.768616
n 28 42 73.69873
a 28 42 26.576391 68.44025
n 28 43 29.815521
n 28 44 85.3708
a 28 44 30.170443 59.46989
a 29 11 9.374911 89.63297
n 29 12 63.263367
a 29 13 8.967189 33.110817
a 29 14 46.537003 79.10218
n 29 15 50.327354
n 29 16 77.32996
a 29 22 40.758076 39.470177
n 29 28 31.449734
a 29 32 23.576752 55.91319
n 29 33 61.17024
n 29 34 85.00179
n 29 35 62.414516
a 29 35 46.338196 95.77562
n 29 36 33.914593
a 29 36 18.85031 10.054832
n 29 37 59.917564
n 29 38 22.763073
n 29 39 39.006905
a 29 39 33.65193 84.425354
n 29 40 32.552254
n 29 43 92.6315
n 29 44 17.883907
n 29 45 58.535095
n 29 47 99.313965
n 29 48 80.04561
a 29 48 48.356525 42.613815
n 30 11 60.076538
a 30 11 41.569427 30.91323
a 30 12 20.996403 77.3167
n 30 13 68.96152
a 30 13 31.494461 91.51187
n 30 14 17.706581
n 30 15 53.207287
n 30 16 78.53551
n 30 17 82.022285
n 30 18 72.576164
a 30 20 22.447033 83.71597
n 30 23 43.741444
n 30 24 60.11966
a 30 24 10.047614 68.06423
a 30 25 24.78422 54.58392
n 30 26 72.607346
n 30 28 78.75888
a 30 28 34.062634 30.21517
a 30 29 35.026093 54.02201
a 30 33 31.461077 55.381298
n 30 36 82.935646
a 30 36 10.571798 47.735928
n 30 37 85.93968
n 30 39 54.56379
n 30 40 33.902138
n 30 41 89.74387
n 30 42 60.260303
n 30 45 10.71472
n 30 46 35.535034
n 30 47 55.14962
n 30 49 87.30399
n 31 13 85.40385
a 31 13 37.206383 32.287506
n 31 14 67.56472
n 31 15 16.409685
a 31 16 13.232788 98.774956
n 31 18 14.526163
a 31 18 44.42727 96.711044
n 31 19 38.414623
a 31 21 14.659921 54.090973
a 31 22 12.077585 50.934837
n 31 24 88.60436
n 31 30 91.619194
a 31 30 44.92289 70.035995
n 31 32 93.81467
a 31 32 44.897667 15.827472
n 31 35 35.499916
n 31 36 52.833534
n 31 42 80.34364
a 31 42 40.351307 40.969894
n 31 45 48.28678
n 31 46 20.719051
n 31 48 66.0146
n 31 49 61.925976
a 31 50 10.714733 36.652363
n 32 13 80.89379
a 32 15 34.819237 72.38093
n 32 16 36.7303
n 32 18 82.8894
n 32 19 48.92708
a 32 19 10.186344 60.563038
n 32 20 50.09991
a 32 20 20.139215 86.49755
n 32 21 88.78425
n 32 22 65.50006
a 32 23 36.35166 76.95468
n 32 24 80.26147
a 32 24 25.481142 66.19498
n 32 25 18.65115
a 32 25 44.932762 34.50859
a 32 27 30.022112 32.667824
n 32 29 36.05893
n 32 30 25.024761
n 32 31 63.574028
n 32 33 48.292137
n 32 34 96.878525
a 32 34 7.2389264 41.52871
n 32 35 76.272354
n 32 36 51.609127
a 32 41 14.284389 48.140812
n 32 43 94.4044
n 32 44 12.151627
n 32 45 50.974464
n 32 46 84.4822
a 32 46 39.19583 73.53564
n 32 48 76.45499
n 32 49 62.041157
n 32 50 48.30241
n 32 51 88.92427
a 32 51 17.858097 42.85913
n 33 14 34.80685
n 33 15 15.424686
a 33 15 13.101833 41.714363
n 33 17 86.585785
a 33 19 28.876888 79.14053
a 33 20 49.26964 72.389496
n 33 21 80.361565
n 33 26 52.707123
n 33 29 66.94771
n 33 30 62.040306
n 33 32 95.28516
n 33 35 26.058664
n 33 36 80.52693
a 33 36 33.117107 23.781616
n 33 37 43.17507
a 33 37 34.83267 71.06395
n 33 39 27.880571
n 33 40 98.84409
n 33 41 27.62161
n 33 42 11.037831
n 33 43 86.13402
n 33 44 21.65633
n 33 45 65.61661
n 33 46 15.604889
n 33 48 51.521713
n 33 49 87.43369
a 34 15 20.482224 17.369577
n 34 16 43.269283
n 34 18 52.531544
a 34 19 35.845425 84.944
n 34 20 41.020668
n 34 21 81.021324
a 34 21 46.543716 51.229782
n 34 22 49.94637
a 34 24 29.147684 39.764923
a 34 25 29.12272 65.72055
a 34 27 42.051636 27.271984
n 34 28 61.131546
n 34 31 46.99409
a 34 32 13.519229 28.284103
n 34 35 69.8105
a 34 36 10.767522 38.783646
n 34 37 28.979559
n 34 39 67.67313
n 34 41 69.585556
n 34 42 71.81561
a 34 42 29.142014 41.123863
a 34 44 41.295948 16.790277
n 34 46 53.21518
n 34 49 44.38159
n 34 52 93.98655
n 34 53 81.333275
n 35 16 31.137358
n 35 18 92.27953
n 35 22 33.61815
n 35 24 57.02888
n 35 25 54.08242
n 35 27 88.86536
a 35 29 23.660366 76.90578
n 35 30 60.479378
n 35 31 47.53352
a 35 31 48.62089 35.36932
n 35 32 33.074272
n 35 34 38.967293
a 35 36 33.336815 68.71661
n 35 37 96.37115
n 35 39 98.349
n 35 40 92.32196
n 35 41 76.48958
n 35 43 42.735645
n 35 44 93.511185
a 35 44 18.888943 50.79976
n 35 45 54.83291
a 35 46 20.922382 10.77986
n 35 47 18.325554
a 35 48 9.157117 84.22397
n 35 49 70.76493
n 35 51 94.52286
n 35 52 75.45694
n 35 54 16.808622
a 36 18 47.2059 40.993656
n 36 21 25.735134
n 36 25 55.73404
n 36 26 44.111187
a 36 27 45.28262 27.90017
a 36 32 31.684286 94.94902
n 36 35 31.184591
n 36 40 12.770189
n 36 41 14.063229
n 36 45 76.10084
n 36 46 68.45433
n 36 47 60.791874
n 36 49 99.22168
a 36 55 18.625498 57.73936
n 37 19 40.2864
a 37 19 7.3410134 68.136986
n 37 22 19.184887
n 37 23 27.94719
a 37 23 40.004013 17.221252
n 37 26 10.080545
n 37 27 44.245586
n 37 29 74.86521
a 37 30 46.50796 57.10327
n 37 31 40.057858
a 37 31 46.962284 26.384466
n 37 32 82.04816
a 37 34 26.563251 29.813902
a 37 36 38.486076 50.422356
n 37 39 98.650246
n 37 40 67.6487
n 37 41 42.22432
n 37 42 42.808784
n 37 43 62.946964
a 37 43 24.890013 92.96633
n 37 44 71.65271
a 37 44 22.202696 75.46344
n 37 45 82.23479
n 37 46 63.969593
n 37 47 36.48625
n 37 48 25.400198
n 37 51 79.56441
n 37 52 48.338383
a 37 53 6.0520926 95.20179
n 37 54 26.696722
n 37 55 89.01544
a 38 22 44.297024 16.835255
a 38 25 29.694132 14.517761
a 38 27 16.712845 59.56868
n 38 29 89.567314
n 38 30 41.409603
n 38 31 41.031967
n 38 32 92.12592
n 38 33 73.269775
a 38 34 42.011353 88.908226
n 38 35 55.302383
n 38 36 87.64958
a 38 37 26.281246 72.83624
n 38 39 29.814743
n 38 40 96.50339
n 38 41 70.07805
n 38 42 61.242004
n 38 44 38.145966
n 38 45 75.02247
n 38 47 72.15387
n 38 49 14.20022
n 38 50 27.944317
n 38 54 74.04423
n 38 55 15.472427
n 39 21 99.03916
n 39 22 18.592007
a 39 22 48.958534 45.032265
n 39 24 39.560852
n 39 25 43.71104
a 39 29 26.010643 97.98822
n 39 30 65.10115
n 39 31 35.90877
n 39 33 73.43509
n 39 36 95.26298
a 39 36 48.87586 55.49886
n 39 37 99.65323
n 39 38 95.97712
n 39 40 25.442719
n 39 43 52.239594
a 39 43 47.744736 96.874435
a 39 46 33.305874 15.28516
n 39 47 69.679726
a 39 48 19.683681 60.4228
n 39 49 27.96362
a 39 49 12.777283 81.1776
n 39 50 15.926794
n 39 51 18.437153
n 39 52 50.05171
n 39 55 54.990646
a 39 55 22.875822 35.573647
n 39 56 95.992325
n 39 57 68.734055
n 40 22 28.695578
n 40 24 78.02937
n 40 25 61.283318
a 40 26 5.953594 22.94457
a 40 27 37.246433 28.111946
a 40 32 8.788118 19.720644
n 40 33 44.400845
a 40 33 38.947666 23.70674
n 40 35 81.698654
n 40 41 25.029007
a 40 41 33.654587 31.553267
n 40 42 65.81996
n 40 43 41.51556
n 40 44 91.69983
a 40 44 40.535103 82.5738
n 40 45 35.658623
n 40 47 87.68027
n 40 49 27.322937
a 40 51 13.165571 83.35836
n 40 52 80.957085
n 40 53 35.52553
n 40 55 69.74347
n 40 56 52.41369
n 40 57 22.336597
a 41 23 22.724884 38.667824
n 41 24 25.727234
n 41 26 90.4182
n 41 27 84.24284
n 41 28 63.485302
n 41 30 25.283998
a 41 30 17.135637 86.03919
n 41 31 78.900375
n 41 34 75.47869
a 41 35 12.377592 41.782703
n 41 36 65.08453
n 41 38 59.781704
a 41 38 35.996605 49.841354
n 41 39 42.19987
a 41 39 8.940449 19.319805
n 41 43 80.10505
n 41 44 68.00765
n 41 45 81.94876
n 41 48 92.519035
n 41 49 75.379745
n 41 50 72.07188
n 41 55 68.854416
n 41 58 73.85208
a 41 60 30.9045 90.85394
n 42 24 28.42937
a 42 24 16.697884 39.57837
n 42 25 14.277832
n 42 26 40.323875
a 42 26 25.391098 92.71776
n 42 28 63.81687
n 42 29 28.558664
n 42 30 92.70739
a 42 30 27.113174 43.346764
n 42 31 77.92515
n 42 32 68.98331
a 42 34 38.307247 26.997404
n 42 35 94.39936
n 42 37 34.98534
a 42 38 19.672358 81.94349
n 42 39 64.03502
n 42 41 80.802986
n 42 43 56.206844
n 42 44 37.387077
n 42 45 81.86298
n 42 47 61.568718
n 42 48 62.50895
n 42 51 54.273254
a 42 52 28.367998 86.43448
n 42 55 82.13259
a 42 55 33.949654 37.6336
n 42 56 76.444374
a 42 56 32.96445 32.51594
n 42 57 80.89121
n 42 58 66.39644
a 42 59 34.270557 99.87113
n 43 25 95.9273
a 43 25 44.37749 13.474119
n 43 28 49.01018
a 43 28 48.700165 98.552895
n 43 29 81.92116
n 43 33 45.643505
a 43 33 24.546728 70.91322
n 43 35 91.06462
n 43 37 53.38639
n 43 38 78.46465
n 43 41 76.49525
n 43 42 29.720314
n 43 47 57.890255
a 43 47 30.431255 87.52344
a 43 51 23.803038 52.406654
a 43 53 7.4009647 97.19487
n 43 56 98.174706
n 43 57 25.311928
n 43 58 90.780334
a 43 58 20.347816 66.156166
a 43 59 46.406143 48.18158
n 43 60 75.572525
a 43 60 8.107757 74.85365
a 43 61 36.32587 26.154377
n 43 62 36.01277
a 43 62 30.41106 66.96594
n 44 25 50.377872
n 44 26 43.823677
n 44 27 96.9516
a 44 29 27.724522 33.48787
a 44 31 5.726573 28.110895
n 44 34 45.741802
a 44 34 22.422201 51.786583
n 44 35 32.29136
n 44 36 51.038795
a 44 36 47.132202 46.94426
n 44 38 93.68841
n 44 39 12.614473
a 44 39 12.526852 81.29104
n 44 42 82.44231
n 44 43 41.325256
a 44 43 11.197531 62.70517
n 44 47 88.37923
n 44 50 51.66665
a 44 50 44.319454 42.27407
n 44 52 80.5163
a 44 53 6.4468856 33.408703
n 44 56 49.043472
n 44 58 40.41857
n 44 60 44.018528
n 44 61 15.381351
a 44 61 12.712694 49.669987
n 44 62 62.648018
n 44 63 80.34606
n 45 27 71.805504
n 45 28 68.313644
a 45 29 13.610223 44.4202
n 45 30 94.746704
n 45 31 31.184214
a 45 31 23.502007 72.965515
n 45 32 82.60745
n 45 34 26.870893
n 45 35 41.149323
n 45 37 30.949745
n 45 39 62.919132
n 45 40 30.237553
a 45 40 35.45141 32.56619
a 45 43 27.584509 50.617447
n 45 44 92.628456
n 45 47 21.61876
n 45 48 70.71979
n 45 50 94.51002
a 45 52 24.221136 65.818695
n 45 54 62.738556
n 45 55 19.407305
a 45 56 11.189168 13.03982
a 45 58 23.588701 48.20809
a 45 59 11.872461 73.90077
n 45 60 81.20972
a 45 61 11.634762 47.174843
n 45 62 35.060303
n 45 63 32.528896
a 45 63 33.09708 88.417305
n 46 27 61.124153
n 46 29 80.74534
n 46 31 17.570919
n 46 32 58.078587
n 46 33 50.624554
a 46 34 31.132915 54.92577
n 46 35 36.28846
a 46 35 8.400827 83.48196
n 46 36 96.09298
a 46 36 24.584574 83.824745
n 46 39 57.653244
a 46 39 16.661621 19.412905
a 46 40 14.738983 97.754944
n 46 42 95.91493
n 46 44 22.831219
n 46 47 98.34605
a 46 47 44.464714 10.351558
n 46 48 35.56033
n 46 49 81.72837
a 46 50 37.177204 61.067707
n 46 51 26.91343
a 46 52 32.563004 70.982315
n 46 55 21.047298
n 46 56 46.854927
a 46 56 24.031113 29.830194
n 46 57 99.55335
a 46 57 10.691348 67.8257
a 46 60 35.605553 14.495131
n 46 61 49.95679
a 46 61 31.559023 94.47454
n 46 63 17.772812
n 47 30 62.49933
a 47 31 24.540785 54.68074
n 47 32 33.928055
n 47 33 82.58687
n 47 34 37.390305
n 47 36 40.76944
n 47 37 77.4194
n 47 39 45.935585
a 47 41 18.18575 46.15558
n 47 42 26.59092
a 47 43 48.200024 75.76858
n 47 44 98.98288
n 47 48 42.822838
n 47 50 89.96257
a 47 51 35.39356 60.69228
n 47 53 69.37297
a 47 54 25.045958 13.232229
n 47 55 60.121838
n 47 57 25.805044
a 47 62 13.134034 95.259514
n 47 64 20.844656
n 47 65 39.51175
n 48 32 41.146706
a 48 32 30.28647 32.74809
n 48 33 10.130535
n 48 34 20.100784
n 48 35 52.040997
n 48 36 78.53527
n 48 37 78.05921
n 48 38 40.284462
n 48 42 90.21465
n 48 43 76.20671
n 48 44 19.777702
n 48 45 64.01024
n 48 55 12.287444
n 48 56 17.68596
a 48 56 21.22099 13.083773
n 48 57 50.166176
a 48 57 16.277302 93.14069
a 48 61 25.197102 47.2707
n 48 62 83.95942
n 48 63 49.03218
a 48 63 35.591232 91.86041
n 48 64 28.53294
n 49 30 86.376114
n 49 31 15.10363
n 49 32 14.420956
n 49 33 26.420227
n 49 34 53.038578
n 49 36 24.22618
n 49 39 56.423344
n 49 41 65.02087
n 49 42 55.970886
a 49 42 8.815029 27.207989
n 49 44 88.73609
n 49 45 33.943916
a 49 45 35.117218 80.0214
n 49 46 72.43487
n 49 48 14.359598
a 49 50 25.795774 19.481392
n 49 51 27.651146
a 49 51 26.6701 69.57602
n 49 52 22.74002
a 49 52 33.661587 15.079538
n 49 53 82.790436
n 49 54 65.53549
n 49 55 43.012875
n 49 56 13.073215
n 49 57 28.662365
n 49 58 73.33406
a 49 59 43.237057 26.086231
n 49 60 93.14821
n 49 62 24.136402
n 49 63 35.341095
a 49 65 49.047005 39.90072
n 49 66 30.235357
n 49 67 44.281883
n 49 68 63.111683
n 50 31 87.413216
n 50 33 48.80413
n 50 35 33.911125
n 50 37 10.792099
n 50 38 50.36146
n 50 40 13.317197
n 50 41 45.571033
n 50 42 59.74078
n 50 43 25.161982
a 50 43 31.581747 92.41937
n 50 45 74.53836
n 50 46 19.347166
n 50 51 73.750626
n 50 52 21.256378
a 50 52 22.900816 33.353176
a 50 53 14.714757 72.58864
n 50 55 55.86266
n 50 56 72.794525
a 50 56 21.982521 10.160866
n 50 57 57.610165
a 50 57 13.082064 55.082146
n 50 58 67.47978
a 50 60 27.37174 22.472479
a 50 61 42.057766 78.27265
a 50 63 33.006073 25.391834
n 50 64 53.395813
a 50 64 8.281788 56.758896
n 50 66 31.225332
n 50 67 28.191908
a 50 67 24.673742 53.187286
n 50 69 70.53586
n 51 32 89.44753
n 51 33 12.521965
n 51 35 33.58542
a 51 36 41.06021 34.573494
a 51 37 18.025768 84.03683
a 51 38 10.33922 71.9718
n 51 42 70.95364
n 51 44 80.80472
a 51 45 37.992237 40.357273
n 51 46 12.223008
n 51 48 26.3485
a 51 48 42.378345 34.86438
n 51 52 34.950966
a 51 52 9.283652 83.87967
n 51 53 94.26476
n 51 54 46.965157
n 51 55 24.424988
n 51 57 30.257202
n 51 59 50.565506
n 51 61 24.296272
n 51 66 37.11149
n 51 67 88.566154
n 51 69 34.46756
n 51 70 65.09478
n 52 33 43.689083
a 52 33 22.704123 41.58483
a 52 36 9.142965 49.057964
n 52 37 88.72288
n 52 38 56.070484
n 52 40 12.35927
n 52 42 45.15714
n 52 43 43.86508
n 52 45 77.80028
a 52 45 31.451464 45.71559
n 52 46 24.795403
n 52 47 83.6529
n 52 48 70.69986
n 52 49 11.026823
a 52 49 15.317568 22.496107
n 52 50 12.841857
a 52 51 46.725174 82.06026
n 52 53 34.544052
n 52 57 14.3942795
a 52 58 5.157084 13.8677025
n 52 59 77.49935
n 52 61 78.06594
a 52 61 14.673109 23.347584
a 52 65 11.355646 62.266838
n 52 66 84.13772
a 52 66 42.855457 92.846985
n 52 67 49.7339
n 52 68 77.01374
a 52 68 27.292212 83.81908
a 52 69 37.749367 91.830246
n 52 71 76.39523
a 52 71 29.413506 70.39125
n 53 34 88.83825
n 53 36 59.490017
a 53 36 8.414356 36.414528
n 53 37 53.44684
n 53 38 59.51147
n 53 39 34.23369
n 53 40 52.824055
n 53 41 81.921135
n 53 42 50.31747
n 53 43 15.395092
n 53 45 62.967297
a 53 45 30.106195 69.72214
n 53 46 70.517685
a 53 46 46.689995 76.268326
n 53 47 26.370031
a 53 47 49.811016 14.218359
n 53 50 70.629974
n 53 52 75.45005
a 53 54 36.649162 31.79093
n 53 55 76.008514
a 53 55 41.377197 48.66906
n 53 56 28.512455
a 53 56 23.579592 64.99263
n 53 57 26.926683
n 53 61 47.35708
a 53 63 43.926796 47.659485
a 53 65 45.923527 44.92611
n 53 66 45.184483
a 53 66 21.628035 23.916119
n 53 67 40.15538
n 53 68 34.398643
n 53 69 41.63347
n 53 70 93.84528
n 54 37 99.617096
a 54 38 47.545048 17.63438
n 54 40 70.685875
a 54 40 32.44953 78.15303
a 54 41 20.404545 11.942363
n 54 42 74.59615
n 54 43 74.47842
n 54 44 40.373093
n 54 45 45.634758
n 54 47 12.06902
n 54 48 48.32364
n 54 49 76.68806
n 54 50 51.28245
n 54 56 74.239624
a 54 57 15.986494 76.44699
n 54 58 60.295513
a 54 58 49.71088 72.3538
n 54 59 22.492567
a 54 59 14.350413 92.54844
n 54 63 56.67973
n 54 64 81.86529
a 54 65 28.150167 17.503292
n 54 66 31.211285
n 54 67 27.450874
n 54 69 80.93396
a 54 69 22.3065 80.2751
n 54 70 24.265087
n 54 73 35.734253
n 55 36 71.125534
n 55 37 74.26946
a 55 37 7.6093254 98.356674
n 55 42 37.89012
n 55 43 40.462543
a 55 43 6.433262 13.0175705
n 55 44 59.04504
n 55 45 98.527306
n 55 46 61.05761
a 55 46 6.676818 24.828676
n 55 47 27.833538
n 55 52 76.78591
a 55 52 45.273094 30.998594
n 55 54 41.43714
n 55 56 90.26915
a 55 56 9.059246 85.788445
a 55 60 35.3628 62.798744
n 55 61 78.83695
a 55 62 13.500274 54.366936
n 55 63 37.07775
n 55 64 91.253265
a 55 66 28.25966 62.17232
n 55 67 97.48625
a 55 67 31.660276 94.79654
n 55 68 62.861435
a 55 68 43.773098 65.02627
a 55 69 41.76299 50.67698
n 55 70 82.55664
n 55 73 80.54515
n 55 74 97.558105
n 56 37 58.834484
n 56 38 24.368866
n 56 40 22.606115
n 56 41 80.78831
a 56 41 16.884182 57.505154
n 56 44 90.40926
n 56 45 97.00125
n 56 47 87.28716
a 56 49 30.45265 43.244064
n 56 50 77.43942
n 56 51 92.32126
n 56 52 63.622406
a 56 52 11.38323 91.89972
n 56 55 50.851868
n 56 58 29.564997
n 56 59 20.359688
n 56 60 66.147736
n 56 63 75.50574
n 56 65 72.25855
a 56 65 41.36054 67.42551
n 56 66 20.74952
a 56 66 27.737373 91.11593
n 56 67 63.251366
a 56 67 30.881836 16.26257
a 56 68 5.7560544 32.88311
n 56 69 77.00796
n 56 70 65.475586
n 56 71 19.087524
a 56 71 48.08401 42.771748
n 56 72 80.14159
n 56 73 59.733376
n 56 74 46.27171
a 56 74 30.976576 40.379555
n 56 75 91.60862
n 57 38 12.805935
n 57 40 72.807144
n 57 42 18.40697
n 57 44 39.45958
n 57 45 95.09677
n 57 49 12.602212
n 57 51 83.08093
n 57 53 12.273452
n 57 54 99.013885
n 57 59 68.47586
a 57 59 22.257336 89.14535
n 57 60 67.598816
n 57 61 23.02309
n 57 63 96.449425
a 57 66 31.042662 40.124844
n 57 70 65.58443
n 57 71 38.19517
a 57 71 17.362 82.805435
n 57 73 12.042092
n 57 74 51.611385
n 57 75 18.08465
a 57 75 21.271862 79.1519
n 58 42 69.926636
n 58 45 40.001015
n 58 46 80.76657
a 58 47 16.616405 75.6702
n 58 48 28.918497
n 58 49 60.83852
n 58 51 56.87968
n 58 52 40.70438
n 58 54 64.301285
n 58 55 91.63875
a 58 55 17.15287 22.076656
n 58 56 64.95531
a 58 60 19.121288 36.150375
a 58 63 8.766947 22.939466
n 58 65 70.704956
n 58 67 97.22687
n 58 69 19.102623
n 58 71 86.55672
n 58 72 70.74918
a 58 74 6.3115044 11.707308
n 58 75 14.081293
n 59 40 82.6827
n 59 42 90.12711
a 59 42 42.63914 37.433533
n 59 43 64.32066
a 59 43 46.53765 92.831795
n 59 44 14.318787
n 59 45 27.964962
a 59 45 40.360718 23.465954
n 59 46 28.446022
n 59 49 50.05832
n 59 51 70.07582
n 59 52 98.11652
a 59 53 47.85033 41.202335
a 59 56 9.64048 85.61984
n 59 58 26.981956
a 59 60 37.2583 41.25071
n 59 61 88.42658
n 59 62 77.53034
n 59 63 20.840424
n 59 65 76.81227
n 59 67 70.05704
n 59 69 27.99304
a 59 69 15.514464 89.0492
n 59 73 16.475918
a 59 75 23.398357 91.8687
n 59 76 66.194275
a 59 77 17.879648 67.09807
n 59 78 41.359352
a 60 41 46.02049 13.905621
n 60 42 17.145386
a 60 44 46.085556 96.802704
a 60 46 40.079292 52.61689
n 60 47 87.92301
n 60 49 22.762693
n 60 50 28.857313
n 60 52 70.86598
a 60 52 10.974224 85.43953
a 60 53 22.061728 33.378952
n 60 57 93.104095
a 60 61 41.327225 33.132683
a 60 62 35.615677 89.82493
n 60 63 18.389923
n 60 64 75.557556
n 60 67 90.95237
n 60 68 78.89732
a 60 68 24.663774 12.665375
n 60 70 37.27729
n 60 72 83.77725
n 60 73 16.667997
n 60 74 20.189621
n 60 76 92.17046
n 60 77 30.239847
a 60 77 38.811848 80.621376
n 60 78 42.37166
n 60 79 25.96571
n 61 43 76.29251
n 61 44 23.674858
a 61 44 7.005741 68.13486
n 61 49 12.208455
a 61 51 15.033858 97.17686
n 61 52 51.56436
n 61 54 41.56823
a 61 54 29.978403 36.064575
n 61 55 13.889799
a 61 55 6.5101447 68.07429
a 61 57 23.39954 77.26035
n 61 58 17.694338
n 61 59 61.474537
n 61 63 65.8215
n 61 69 98.74415
n 61 71 41.95861
n 61 72 61.271526
n 61 73 99.27563
a 61 74 34.900517 37.201424
n 61 76 82.61839
n 61 78 72.861145
n 61 79 59.450245
n 62 44 58.390434
a 62 44 10.974163 96.352554
n 62 45 69.24352
n 62 48 65.76128
n 62 49 99.661316
n 62 50 10.862627
n 62 51 78.652306
a 62 52 24.005016 12.262595
n 62 53 79.94062
a 62 53 38.62573 94.83765
a 62 54 34.47026 99.277435
n 62 55 14.316975
n 62 56 62.222763
a 62 56 11.762681 42.020256
n 62 57 37.412308
a 62 58 21.985641 98.67486
n 62 59 77.23127
n 62 64 94.3506
n 62 69 25.035498
a 62 69 37.579975 60.204937
n 62 70 29.659811
n 62 71 82.33131
n 62 72 57.37527
n 62 73 39.578213
a 62 74 33.190132 35.87748
n 62 75 72.85258
n 62 77 60.487858
a 62 77 29.914898 57.86453
n 62 78 37.317757
n 62 79 44.511906
a 62 80 25.770895 97.58393
n 62 81 41.944702
n 63 45 38.804924
n 63 47 47.50578
n 63 49 61.929806
n 63 50 77.49208
a 63 50 47.51477 25.947515
n 63 51 14.975161
a 63 53 25.692745 32.94837
n 63 55 15.417009
a 63 55 10.967453 85.50743
n 63 56 45.38195
a 63 56 41.532253 57.1896
n 63 57 51.67304
a 63 57 39.13324 24.59546
n 63 58 71.6138
n 63 60 89.72721
n 63 62 59.54538
n 63 64 79.17073
n 63 65 25.01221
a 63 65 27.7684 74.29228
n 63 67 97.69041
n 63 68 51.96575
n 63 69 18.584118
n 63 70 13.472778
n 63 71 54.900116
n 63 72 90.90267
n 63 75 37.82847
a 63 75 24.223335 48.79943
n 63 76 57.02444
a 63 76 37.954735 87.987976
n 64 47 83.82607
n 64 50 46.39161
n 64 51 36.40206
a 64 51 45.399807 44.928585
n 64 52 61.93368
n 64 54 58.080944
n 64 55 31.255001
n 64 56 40.767326
a 64 56 17.255135 37.322716
a 64 58 22.494913 96.737526
a 64 61 14.346677 48.593506
n 64 62 84.11344
a 64 65 28.155516 46.29921
n 64 67 84.59547
a 64 67 24.540783 28.488981
a 64 69 7.9653854 80.580444
n 64 70 81.97427
n 64 71 29.343863
a 64 71 5.75703 42.583126
n 64 74 37.139175
n 64 77 94.13313
n 64 78 43.482357
n 64 80 52.13861
a 64 80 18.107792 54.6159
n 64 82 49.44183
n 64 83 76.97021
n 65 47 17.120953
n 65 49 12.335369
n 65 50 16.141827
a 65 50 12.428453 88.45019
n 65 52 52.069344
n 65 53 37.85276
n 65 54 28.181486
a 65 55 10.366083 31.160583
n 65 57 36.918278
n 65 59 24.470518
a 65 59 24.97558 99.9365
n 65 62 97.51248
n 65 63 24.007599
n 65 64 13.792909
a 65 64 43.75791 91.35572
a 65 66 27.409197 40.361008
a 65 67 42.211315 82.3182
n 65 68 42.85227
n 65 70 95.59473
n 65 72 15.171036
n 65 74 64.24278
n 65 76 45.01078
n 65 78 23.41295
n 65 79 50.43808
n 65 81 88.426445
n 66 47 69.10946
n 66 49 32.91928
n 66 50 11.328109
n 66 51 78.04991
a 66 51 27.433228 26.34705
n 66 52 23.511189
n 66 53 67.972855
n 66 56 15.692818
n 66 57 78.215965
n 66 58 83.93654
a 66 58 13.299131 94.74738
n 66 60 68.579956
n 66 62 82.902596
n 66 63 28.221365
n 66 67 38.366253
a 66 68 37.700367 28.072714
n 66 71 55.84354
a 66 71 21.260725 93.42594
a 66 72 37.634937 16.547318
n 66 73 46.907124
a 66 73 37.201283 67.81377
n 66 74 72.81029
n 66 75 10.615867
n 66 76 61.807117
n 66 77 32.111115
n 66 79 23.519093
n 66 81 29.77059
n 66 83 15.185009
n 66 84 47.110138
n 67 49 78.86235
n 67 50 57.1511
a 67 52 48.956085 72.53703
n 67 53 87.81232
n 67 54 65.40581
n 67 55 17.752745
n 67 57 71.12815
a 67 59 46.243305 97.23078
n 67 61 97.451935
a 67 61 34.97172 39.773327
n 67 62 60.484165
n 67 63 10.819423
n 67 65 28.088165
n 67 66 60.143616
n 67 68 31.425558
n 67 69 40.10569
n 67 70 26.23971
n 67 71 67.317535
a 67 74 40.690983 77.19908
n 67 75 60.806614
a 67 75 15.830692 17.008038
n 67 76 36.562637
n 67 77 68.40963
n 67 78 64.99911
a 67 78 37.491585 34.711266
n 67 80 43.960995
n 67 81 26.068472
a 67 81 30.92491 37.419685
n 67 83 39.184185
n 67 85 43.991844
n 68 50 53.52801
a 68 52 45.768417 48.478706
n 68 53 53.91028
n 68 56 19.736603
n 68 58 65.9825
a 68 58 9.620545 89.84672
n 68 59 60.41393
n 68 60 97.904076
a 68 61 19.891598 42.396194
n 68 63 79.657646
n 68 65 84.58626
n 68 70 45.979736
n 68 72 52.22497
n 68 74 98.676254
n 68 79 43.00675
n 68 80 14.283222
n 68 83 57.711388
a 68 83 30.763546 61.744934
n 69 50 44.6318
a 69 51 26.30252 74.800125
n 69 54 16.256313
n 69 55 83.07408
n 69 57 67.22478
a 69 57 5.701988 75.385025
n 69 64 57.2392
a 69 67 25.235422 52.553204
n 69 70 91.00915
n 69 72 57.696766
n 69 73 66.096214
n 69 74 53.448795
a 69 76 14.971948 43.675632
n 69 78 83.91548
n 69 79 41.535324
n 69 81 24.39198
n 69 83 28.772581
n 69 84 86.26626
n 69 86 96.098434
n 69 87 94.14807
n 70 52 46.831226
n 70 54 94.01064
a 70 55 37.14008 59.474407
a 70 57 34.90095 91.6373
n 70 58 56.950333
n 70 59 89.49336
n 70 60 32.271996
a 70 61 17.325592 64.724106
n 70 62 62.56582
n 70 63 56.439648
n 70 65 70.44037
n 70 66 17.500786
n 70 68 73.17966
n 70 69 45.41451
n 70 71 61.616776
n 70 72 88.41361
n 70 73 54.824814
a 70 74 23.834023 46.240486
n 70 76 88.36767
n 70 77 51.113777
a 70 77 10.440178 33.990204
n 70 79 22.803205
a 70 79 9.221621 84.54766
n 70 80 62.86109
n 70 81 54.325497
n 70 84 73.98047
n 70 85 53.007576
n 70 86 70.79877
a 70 86 49.198257 29.31566
a 70 88 44.29264 59.75471
n 70 89 96.22789
n 71 52 34.099358
a 71 52 40.383736 13.779126
n 71 55 28.791292
n 71 56 37.962364
a 71 56 23.101183 73.743065
a 71 57 18.797928 24.852062
n 71 62 19.060814
a 71 62 17.973007 25.933182
n 71 64 47.747482
n 71 65 88.95228
a 71 65 21.982607 83.23888
n 71 66 67.29944
n 71 69 22.580547
n 71 70 27.919294
n 71 72 52.979317
a 71 73 47.867455 21.790295
n 71 74 23.26823
n 71 77 76.12034
n 71 81 92.79104
n 71 82 74.044815
n 71 85 94.695755
n 71 87 80.24425
n 71 89 36.156136
n 71 90 13.159299
a 72 53 16.828125 85.05785
n 72 54 42.33857
n 72 55 43.50163
n 72 57 79.51104
n 72 59 98.62877
n 72 63 43.848507
a 72 63 36.4243 10.872111
n 72 65 36.79473
n 72 69 98.812996
a 72 71 23.6761 28.924212
n 72 73 63.770317
n 72 74 43.74812
n 72 75 67.417694
a 72 76 35.368553 55.53515
n 72 77 20.478546
n 72 79 16.423187
n 72 81 72.78107
n 72 82 37.017708
a 72 82 5.989203 30.418898
n 72 83 29.070028
a 72 83 8.371183 64.453186
a 72 85 9.173748 93.04599
a 72 87 8.3104925 13.086965
n 72 90 18.719429
n 73 55 71.42983
n 73 56 15.507996
n 73 57 33.337547
n 73 59 47.536285
n 73 60 72.80554
n 73 61 93.17203
n 73 63 47.87809
a 73 64 16.407892 63.9265
n 73 66 34.336166
n 73 67 33.13846
n 73 71 80.90326
a 73 71 42.681324 52.133118
n 73 72 82.69278
n 73 75 63.485477
n 73 76 87.525375
n 73 77 52.245895
a 73 77 18.534542 66.52018
n 73 81 43.395813
n 73 82 85.15741
n 73 83 38.365757
a 73 83 32.895706 59.22135
n 73 85 33.20449
a 73 85 38.50543 19.652714
n 73 87 15.998783
a 73 87 6.293413 30.93459
n 73 88 22.38546
n 73 90 43.60079
n 73 91 79.715416
n 73 92 23.486984
n 74 55 58.377632
n 74 56 41.49628
n 74 57 29.259733
n 74 58 28.254177
n 74 59 91.47122
n 74 60 36.44545
n 74 62 12.07419
a 74 62 42.75512 52.12204
n 74 66 33.270737
n 74 67 32.345345
n 74 68 47.034748
n 74 69 75.60497
n 74 70 80.28153
a 74 70 35.524765 66.44891
n 74 71 87.84598
a 74 71 45.526447 71.22821
n 74 72 73.99273
n 74 73 47.865986
n 74 76 76.60501
n 74 80 26.406733
n 74 82 29.876463
a 74 86 29.050318 12.643216
a 74 87 35.239784 75.19945
n 74 88 10.072084
a 74 88 28.625029 23.950294
n 74 91 67.83789
n 74 92 18.525436
a 74 92 22.891397 87.44055
n 74 93 23.667015
n 75 57 58.297688
a 75 59 18.609142 32.495483
n 75 60 88.575714
n 75 61 12.912259
a 75 62 31.951303 87.31656
n 75 65 47.194305
n 75 66 97.4498
n 75 67 49.89882
a 75 68 6.933548 85.942055
n 75 69 34.503258
a 75 69 40.922295 35.200897
n 75 71 63.422863
n 75 72 42.11628
a 75 76 36.186066 15.484009
n 75 80 23.271885
n 75 82 15.014821
n 75 83 98.686295
n 75 84 26.011183
n 75 86 21.108341
n 75 87 70.94507
a 75 88 13.992687 98.73837
n 75 89 95.176735
n 75 90 83.23238
n 75 91 34.620262
n 75 92 17.487108
n 75 94 25.136955
a 75 94 49.38626 58.042664
n 76 58 64.29461
a 76 58 41.084724 12.71093
n 76 59 14.291645
a 76 59 42.16972 27.31485
a 76 60 33.79593 83.393295
n 76 61 34.92502
n 76 62 13.671545
n 76 65 76.16499
n 76 71 20.55875
n 76 73 89.6887
a 76 73 35.34853 22.594639
n 76 75 57.6309
n 76 77 66.90292
a 76 77 34.966526 64.810394
n 76 78 22.301262
n 76 80 29.788845
a 76 84 43.70293 70.83824
n 76 87 31.209366
a 76 87 32.160606 13.729369
n 76 88 36.75473
n 76 90 90.83777
n 77 58 90.170204
n 77 59 30.328375
n 77 60 50.665855
n 77 61 16.824686
a 77 61 30.666727 44.003513
n 77 64 57.32461
n 77 66 26.955864
n 77 67 85.24317
a 77 68 23.30807 51.312973
n 77 70 91.638916
n 77 72 81.025955
a 77 72 17.267658 17.677113
n 77 73 57.546158
n 77 74 41.087494
a 77 74 15.645355 11.686033
n 77 75 77.429245
n 77 80 12.693646
n 77 81 76.37856
a 77 83 14.816629 27.073475
n 77 85 33.253395
n 77 86 56.17137
a 77 86 24.518467 84.6338
n 77 87 65.358246
a 77 87 11.313414 82.24167
n 77 88 47.323257
n 77 89 39.464436
n 77 91 73.63585
n 77 92 79.801544
n 77 93 84.25539
n 77 94 53.560165
n 78 60 33.011856
n 78 61 66.23094
n 78 63 28.826628
a 78 63 27.516636 70.37231
a 78 65 35.99157 30.813837
n 78 66 70.917076
n 78 68 78.72701
n 78 71 43.851997
a 78 71 19.575777 71.77203
n 78 74 77.3639
n 78 75 47.114162
a 78 75 46.587387 78.73026
n 78 77 86.46173
a 78 80 39.312355 63.416355
n 78 81 57.74259
n 78 84 61.386185
a 78 86 23.975655 44.071873
n 78 88 42.771595
n 78 89 46.422947
n 78 90 59.8235
n 78 91 24.732262
n 78 92 22.543667
n 78 95 74.07921
n 78 96 71.47275
n 78 97 42.363377
n 79 63 33.68363
a 79 64 37.262264 12.428674
n 79 65 18.56525
a 79 65 27.929245 97.22522
n 79 69 93.76604
n 79 70 51.80081
a 79 71 32.741417 20.118237
a 79 72 20.965605 77.01832
n 79 74 20.384995
n 79 75 79.73161
n 79 78 53.117844
n 79 80 20.979412
n 79 81 79.462875
n 79 82 32.201958
a 79 82 13.179837 34.099747
a 79 83 39.74466 98.11109
n 79 86 22.359285
n 79 90 88.34683
n 79 93 35.25007
n 79 94 29.392014
n 79 97 41.286392
n 79 98 92.33309
n 80 61 92.98013
a 80 62 30.380774 73.705574
n 80 63 74.955734
n 80 64 42.514935
a 80 65 19.526808 31.632025
a 80 66 28.751165 82.81942
n 80 67 55.312317
n 80 69 23.187973
n 80 70 50.925323
n 80 71 41.88613
n 80 73 22.680817
a 80 74 31.116743 84.01855
n 80 78 17.017166
n 80 79 84.9319
n 80 81 17.595243
a 80 81 23.820148 88.607574
n 80 82 20.52332
n 80 84 51.445343
a 80 85 44.151234 36.078674
n 80 86 65.23674
n 80 87 51.656292
a 80 90 5.886686 64.601105
n 80 91 33.019318
a 80 91 34.759506 82.010025
a 80 95 37.096622 97.15924
n 80 99 86.16488
n 81 65 19.005869
n 81 68 97.93842
a 81 68 9.863707 66.47388
n 81 71 39.658455
a 81 71 16.447556 80.6214
n 81 72 49.80237
a 81 72 6.8205156 75.91061
n 81 73 79.3105
n 81 74 39.553642
a 81 74 46.183926 16.901377
n 81 75 10.604331
n 81 79 90.549126
n 81 80 91.001686
a 81 80 26.647964 24.216196
n 81 83 91.91393
n 81 84 19.62078
n 81 88 38.69571
a 81 88 45.411083 47.87309
a 81 89 8.645256 32.11435
n 81 90 85.96753
n 81 92 32.407707
a 81 92 8.774874 90.38539
n 81 94 57.58783
n 81 95 80.52749
a 81 95 45.650555 26.967354
n 81 96 73.845276
n 81 97 77.297295
n 81 99 83.73717
n 82 64 27.13492
n 82 68 94.60752
n 82 70 13.629646
n 82 73 54.000004
a 82 73 9.390366 63.446644
n 82 75 98.394394
a 82 75 21.750214 21.537647
n 82 76 38.041615
a 82 79 48.47549 60.943268
n 82 80 91.645775
n 82 83 20.939651
a 82 84 12.2951765 79.92843
n 82 86 74.057236
a 82 86 41.46 92.548
n 82 88 71.508255
n 82 90 45.555584
n 82 91 51.865284
n 82 92 37.06884
n 82 96 38.281097
n 82 97 76.684395
n 82 98 14.948058
n 83 64 65.15256
a 83 64 12.675302 51.02524
n 83 65 69.18907
n 83 69 19.460707
n 83 70 73.37312
n 83 71 88.77623
n 83 72 50.074444
a 83 75 9.287858 57.12301
n 83 77 58.675877
a 83 78 13.064157 53.979465
n 83 80 39.7652
n 83 82 65.608604
a 83 85 30.69027 25.068851
n 83 90 58.057755
a 83 94 16.63946 78.26215
n 83 95 43.81466
a 83 95 8.990925 55.103012
n 83 97 93.364296
a 83 97 21.882656 45.94029
n 83 98 67.93231
n 84 66 14.139509
a 84 66 30.259638 18.51527
n 84 67 32.280846
n 84 68 77.617455
a 84 68 25.609495 58.212845
n 84 69 63.954178
n 84 70 89.885544
a 84 72 49.894302 90.637596
n 84 73 32.732468
n 84 77 58.795765
a 84 78 16.507313 34.92398
n 84 79 20.626804
a 84 80 20.729713 43.324432
n 84 81 41.748543
n 84 85 72.24968
a 84 86 25.331781 17.197792
n 84 90 48.97731
n 84 91 61.9271
a 84 93 45.42504 61.376053
n 84 96 84.924835
n 84 97 66.64314
n 84 98 93.829704
a 84 98 19.977028 38.461517
n 85 68 20.556444
n 85 69 35.912556
n 85 72 12.943052
n 85 73 51.749844
n 85 74 10.491693
a 85 74 38.244278 51.774586
n 85 76 98.213554
n 85 78 55.80472
a 85 78 24.923717 66.739334
n 85 79 85.188545
n 85 80 64.60962
a 85 80 28.957573 80.084755
n 85 88 49.611065
n 85 90 21.686888
n 85 93 12.015415
n 85 96 84.45356
a 85 96 7.1208563 47.07094
n 85 97 93.48953
n 85 99 47.920635
n 86 68 54.14341
n 86 71 75.38078
n 86 73 14.072948
n 86 74 27.631935
n 86 75 30.825386
n 86 76 29.3769
n 86 78 62.070812
n 86 79 79.56445
n 86 80 43.62089
n 86 81 10.818623
n 86 82 49.380627
a 86 85 13.628709 31.116283
n 86 88 91.0946
a 86 88 11.867183 19.782541
n 86 90 95.23963
a 86 91 29.051838 59.034702
n 86 92 23.685822
n 86 94 23.00941
a 86 98 41.57447 31.887924
n 87 68 70.06108
n 87 69 52.103832
n 87 70 59.094578
n 87 72 50.70501
n 87 74 70.943886
n 87 76 68.992256
n 87 78 56.963547
a 87 78 35.916214 95.176254
n 87 79 40.93078
n 87 80 72.58964
n 87 81 63.902992
a 87 82 33.690662 32.795216
n 87 83 66.6047
a 87 84 34.967854 79.23943
n 87 85 26.85689
a 87 86 9.713011 33.56138
n 87 88 89.31349
a 87 88 32.394066 94.50336
n 87 89 93.56329
n 87 90 83.94681
a 87 90 5.956381 65.80826
n 87 91 20.948648
a 87 91 40.169975 20.673656
n 87 92 28.912983
n 87 93 23.36803
n 87 94 61.95843
n 87 98 31.725641
n 87 99 12.182741
n 88 69 21.039522
a 88 69 16.952866 70.83551
n 88 70 37.51937
a 88 70 38.807674 71.90115
a 88 71 46.388268 53.604313
n 88 78 52.990578
a 88 78 23.365707 45.717342
n 88 79 55.503967
n 88 80 94.043564
a 88 80 37.48683 94.40218
n 88 84 48.41448
a 88 85 25.88147 42.329205
n 88 86 90.74486
n 88 87 84.389435
n 88 90 60.023106
n 88 91 29.87392
n 88 92 43.782066
n 88 95 72.22177
n 88 96 14.322935
n 88 97 38.194607
n 88 99 61.251087
n 89 70 71.28586
n 89 71 46.40398
n 89 72 82.47466
a 89 72 21.231537 21.169746
n 89 73 27.923126
n 89 74 97.517525
n 89 75 46.593784
n 89 77 38.29091
a 89 78 45.524395 60.718513
a 89 79 29.85133 35.32646
n 89 81 63.07751
a 89 81 11.593098 52.135376
a 89 82 43.311584 33.757282
n 89 86 82.407745
n 89 87 69.49139
a 89 91 36.490955 48.930374
a 89 92 30.04735 28.822989
n 89 93 81.24613
n 89 94 45.22994
n 89 97 25.540903
n 90 71 56.915596
a 90 73 34.757652 92.90666
n 90 76 18.354046
n 90 77 74.308174
a 90 77 15.783607 52.35562
n 90 78 32.387222
n 90 80 68.13545
n 90 81 63.12203
n 90 83 33.636143
n 90 85 13.673044
a 90 85 38.178753 16.499872
n 90 86 11.989682
a 90 87 7.42597 96.15227
a 90 88 13.661581 88.46287
n 90 89 29.244852
n 90 91 61.72937
n 90 93 23.372253
a 90 93 29.354527 62.419678
n 90 94 49.58593
a 90 96 14.585307 78.895615
n 90 97 51.062965
n 90 99 39.9748
n 91 72 30.02522
n 91 74 51.469387
n 91 75 22.893208
a 91 75 35.470375 67.520325
n 91 76 48.072826
n 91 78 15.839822
n 91 80 18.249813
n 91 82 66.24336
n 91 85 66.66354
n 91 86 32.709682
n 91 88 90.33798
a 91 89 28.935871 11.5472765
n 91 92 46.1199
n 91 93 90.61632
n 91 94 65.907425
n 91 96 60.08886
a 91 96 9.262156 97.488884
a 91 97 39.436207 86.30166
a 91 98 21.221972 46.640797
n 91 99 24.03376
a 92 73 44.75317 29.159088
n 92 74 14.078109
n 92 77 81.55767
a 92 77 6.8541884 45.689545
n 92 79 39.31305
a 92 80 5.7594776 25.280704
n 92 82 69.63841
a 92 83 10.755108 52.657726
n 92 84 74.13481
a 92 84 30.619055 30.812466
a 92 85 23.588316 21.830154
n 92 87 33.253914
a 92 87 40.86052 18.822557
n 92 88 35.572166
n 92 89 72.34549
n 92 90 19.162046
n 92 91 36.69152
a 92 91 33.358135 10.995097
n 92 93 33.16781
n 92 96 87.059944
n 92 98 23.473726
n 92 99 38.51254
n 93 78 64.90762
n 93 79 30.836033
n 93 81 58.356663
n 93 83 13.717466
n 93 84 93.44135
n 93 87 11.931362
n 93 90 97.244194
n 93 91 23.297068
a 93 91 8.869276 63.861465
n 93 96 70.80623
n 93 97 48.33309
n 93 98 77.19544
n 93 99 21.222637
n 94 77 80.93153
n 94 80 69.01731
n 94 81 72.70741
n 94 82 61.636974
n 94 83 81.3321
n 94 85 18.81903
n 94 86 67.405655
a 94 86 30.642818 79.762314
n 94 87 54.09408
n 94 88 95.87569
a 94 89 16.271936 53.8819
n 94 90 29.869032
n 94 91 43.005352
n 94 92 29.220211
a 94 92 12.014355 78.90086
n 94 95 21.794163
n 94 96 60.604065
n 94 99 37.15486
a 94 99 14.035653 69.67078
n 95 77 12.752754
a 95 77 14.707979 23.246988
n 95 78 53.69075
a 95 80 33.322098 70.78896
n 95 81 84.07257
n 95 85 50.845768
n 95 86 11.043673
a 95 87 14.249485 43.2763
n 95 90 68.635925
n 95 91 98.94162
a 95 92 45.564613 62.443195
n 95 94 61.17712
n 95 96 44.741257
a 95 98 6.3456354 26.481318
n 96 77 21.978056
n 96 80 34.237022
a 96 80 27.928152 64.99162
a 96 81 21.623804 43.323795
n 96 82 10.737223
a 96 82 5.165163 55.5062
n 96 83 81.79698
n 96 84 36.490993
a 96 85 9.429569 52.310596
a 96 87 15.33839 57.100655
n 96 88 37.529034
n 96 89 46.226936
n 96 92 60.12873
a 96 92 40.633762 20.481522
n 96 95 13.427146
n 96 99 16.098747
a 97 78 26.220192 26.101887
n 97 79 19.597765
n 97 81 35.54915
n 97 85 93.684944
a 97 85 14.663092 29.839071
n 97 87 62.169632
n 97 90 88.4538
n 97 93 51.56978
n 97 94 74.097496
a 97 94 41.338146 39.930782
a 97 95 49.481876 77.95506
n 97 98 43.586723
a 98 79 36.877502 29.508757
n 98 80 26.352259
a 98 84 21.553658 19.672924
n 98 85 93.51387
n 98 88 99.912575
a 98 89 47.96554 88.62031
n 98 91 79.78368
a 98 92 22.357647 99.32173
n 98 94 67.56259
n 98 95 10.380922
n 98 99 72.29535
a 98 99 12.636774 14.171829
n 99 81 87.133965
n 99 83 50.189194
n 99 84 50.61823
a 99 84 21.041721 54.015972
n 99 85 47.018692
n 99 87 12.019229
a 99 87 11.412544 84.30118
n 99 88 35.620544
a 99 88 5.853978 80.681725
n 99 89 54.080883
a 99 89 32.651905 25.576458
n 99 93 62.308895
n 99 94 21.150408
n 99 95 73.46236
a 99 95 43.68595 21.49004
n 99 96 12.41287
a 99 96 6.511862 95.679375
n 99 97 57.472992
a 99 97 40.993042 38.488983
n 99 98 87.7407
a 99 98 19.488684 45.87565
