100.0
500
163.37367 929.2449
163.23128 560.9976
473.8943 356.3345
952.28564 988.731
446.99203 28.639994
820.7445 696.11896
90.11784 970.32837
346.688 753.28516
485.78302 239.46597
244.44669 804.89294
878.5595 221.26604
807.6187 147.72792
369.9646 933.28156
184.90076 258.1677
562.9352 987.2264
571.1615 440.1017
205.60542 692.9292
182.31783 307.80914
998.35736 286.9948
574.9578 18.49819
248.62492 422.0673
470.2865 525.6555
984.68665 862.16034
746.8543 637.04987
472.692 795.33984
677.6592 330.17905
820.4233 297.1153
804.59827 603.145
496.80377 256.21445
66.876205 120.386856
147.91875 508.98953
929.8608 50.396996
48.326202 19.519913
297.00912 786.4914
890.69 689.5495
929.87054 691.8989
387.27695 785.71515
949.8048 616.8824
333.61682 31.094341
749.93823 698.2957
367.63232 123.91983
307.0109 870.93146
646.8036 818.3794
450.15372 595.20374
61.43952 730.739
117.264534 537.1602
403.887 718.5991
9.536533 324.5104
121.51506 21.911886
340.8251 46.303497
895.5709 351.4602
570.92114 864.08405
308.51108 763.817
110.432724 958.79895
289.16925 471.37628
989.8589 50.42559
858.1305 701.86456
396.5732 896.23395
934.93866 343.81543
800.81647 498.7939
614.2723 392.80667
115.43121 236.28151
369.98184 147.83185
963.95386 765.33496
103.88836 697.9983
667.8125 340.65604
820.50305 486.81277
5.7614594 145.74696
979.3328 644.63806
147.31671 335.62036
253.1968 339.472
416.83868 755.0122
503.98538 612.0224
706.04205 714.57556
276.55124 33.121304
420.09494 782.72723
6.9301314 49.841827
816.1026 282.26407
442.84708 71.25094
472.65384 68.56241
482.47012 185.55334
415.24026 210.11827
751.63385 897.4502
114.742905 392.38187
760.26025 427.85767
174.81187 222.28505
405.4644 927.70013
28.848734 123.55561
921.83875 423.31424
378.4333 181.85802
118.6687 433.0684
422.41998 123.9947
889.3389 973.1246
149.5613 596.8485
529.94885 104.8387
97.398796 49.440746
362.16235 267.1154
16.294933 815.4264
519.57574 384.1055
819.86206 443.5412
527.39465 141.95233
51.677055 929.96265
481.9694 887.865
853.05383 269.24136
219.74538 320.61642
77.77786 659.4038
854.4435 513.63434
767.0902 772.02466
456.79276 840.1737
671.8413 729.5105
452.89587 54.629578
888.6175 819.53235
525.3153 124.86942
962.7758 520.4912
415.2263 407.53424
3.7058365 112.093636
44.49062 411.57858
456.27032 1.5620286
803.262 704.8893
177.25813 908.69806
681.7435 484.64337
376.81726 221.96388
163.97336 954.136
802.21716 162.9406
447.02426 927.1291
264.9235 877.96875
600.7599 15.342776
241.85071 213.47156
741.2978 345.53
817.79034 725.4058
155.58855 999.64764
678.3968 423.48187
585.0263 274.95575
211.74413 857.23865
552.76544 420.447
31.350185 413.75525
702.4253 721.8305
394.69873 115.72556
605.12177 679.3621
58.670784 783.8188
387.27484 551.1351
86.93083 158.6928
833.3957 719.0152
4.19615 465.72266
326.06757 175.22408
478.4494 949.45355
99.591385 924.6453
404.53857 104.98034
804.2739 251.24866
861.2408 689.9029
305.09634 606.5961
918.7484 113.20137
971.5066 344.21704
684.67065 466.32025
454.33807 645.7063
294.02463 286.94647
91.36504 762.7229
772.3237 127.41061
634.7617 133.6343
830.75415 137.33752
951.74164 24.37384
688.5626 164.11588
713.9098 90.14802
960.161 324.95322
861.37 657.9506
493.08765 610.7275
804.385 589.4117
797.8463 844.54126
908.3979 299.3288
371.7778 236.83128
797.47797 877.2997
786.5012 854.07904
406.7649 288.19354
882.0953 549.61664
516.24036 311.77063
791.0729 292.71362
706.1664 222.57944
801.3338 376.08002
288.78522 208.33043
259.66556 682.11206
791.38556 178.26611
815.99243 44.655403
992.5958 922.6181
313.4579 755.7544
346.77438 550.061
540.55664 435.80176
870.6238 752.1438
878.9173 810.69867
211.66411 722.0007
603.9668 421.07947
669.958 489.211
225.5934 926.3516
402.48813 23.5019
792.05597 460.24686
903.8458 707.0541
522.7706 444.7737
127.39669 678.49365
484.2387 375.90787
287.84744 111.22265
278.26282 357.05215
469.14603 704.56104
872.7308 575.2423
650.9046 538.24335
772.62933 490.2714
662.0426 969.1333
702.58276 238.34975
872.10565 433.591
852.09534 639.61334
138.7234 859.74585
520.807 242.73874
643.9269 891.0001
693.457 40.117992
772.55457 275.40854
672.8809 843.49194
112.73314 585.14764
404.25192 822.63617
991.42834 896.1115
534.9061 378.63892
697.3169 179.73907
571.47845 348.5053
688.7405 937.49884
719.7065 519.26794
636.259 43.02813
122.14209 567.47955
107.32905 847.74225
245.14476 833.90735
64.89103 352.8021
108.91265 793.44574
122.15596 653.6458
902.9399 686.7084
672.64124 922.8637
284.1724 542.4559
597.51227 913.01276
316.26617 738.9609
241.54451 333.0406
575.7362 327.6083
744.5287 480.30566
424.41522 573.47217
616.6989 194.75418
827.5259 555.30774
654.77277 542.6316
382.8023 211.34132
909.44855 634.17883
418.47882 917.43634
435.7135 633.08295
116.59819 540.65955
984.0752 325.02222
622.973 923.96625
623.8347 578.46576
16.267542 926.66833
528.7793 652.95905
826.04956 470.54587
801.17914 588.446
513.29553 522.90594
261.7317 843.74854
956.7135 585.58997
591.1034 943.1462
524.3835 52.874386
72.97773 137.06715
752.59467 751.4058
459.02594 986.2227
2.3952358 81.757225
152.97417 338.0885
719.24976 443.88583
993.949 380.455
82.33505 47.720337
408.54108 328.84018
897.38635 785.29895
596.5351 832.8787
560.63855 572.3261
717.00934 371.37045
801.29126 454.71066
749.521 746.49335
696.058 819.59283
819.3452 284.7548
141.74297 250.56444
296.2486 505.57584
570.4228 923.23016
903.03314 827.9743
196.69067 949.9544
403.09467 351.63126
497.55716 751.5825
175.49835 870.6969
942.9805 359.12158
131.58133 57.012302
218.63547 529.81055
978.8499 183.99239
312.4105 699.70435
795.9476 853.23804
872.2568 88.84358
246.72623 933.01306
185.3952 725.2746
531.96344 321.0441
977.5201 760.6323
354.02332 203.67084
985.5216 212.6908
752.7685 199.19446
918.3812 189.23486
660.2882 145.34227
988.27747 722.799
417.51474 319.08743
667.57263 577.266
297.5579 561.63257
707.2328 775.0137
288.59695 122.18579
738.3675 137.2418
3.4249754 31.229877
970.95703 830.3087
603.2497 467.3029
602.4695 767.3503
50.11241 890.8814
553.9514 727.15076
835.2942 684.77637
62.308838 221.1798
570.337 662.52216
474.8794 464.90515
472.81436 84.560036
316.02692 290.93597
830.7442 756.58765
325.37543 479.24692
987.54535 375.26538
703.42957 773.6789
253.69485 533.5424
242.71347 804.1069
421.7539 701.1842
371.19135 240.11133
238.18492 55.654446
389.6169 764.68475
268.393 254.32356
345.5912 875.44965
80.68031 111.04818
54.49056 96.06077
570.3118 668.4838
751.06116 911.90845
546.6471 342.0659
735.35645 631.93616
414.30173 652.41174
162.82964 422.3302
893.5589 559.96985
820.77435 958.03467
245.76028 569.0593
331.93967 494.49112
396.1626 578.01605
731.0288 674.69574
679.7541 917.9801
770.92413 55.61465
674.78357 144.93047
632.8626 163.19095
734.26166 927.8933
938.4193 866.6237
377.4518 810.8196
91.040184 0.29480302
661.37787 716.4488
10.996867 455.6628
16.629917 807.5465
270.0196 415.64127
802.2612 724.22174
480.49722 10.421558
11.32449 275.6031
549.0165 436.39706
141.60457 379.97034
65.144005 498.7908
235.3622 419.51047
663.74 613.78314
487.4115 204.18665
672.72186 537.38226
622.6114 423.77823
738.0826 475.9755
451.85895 807.9722
404.09827 777.4434
629.93097 211.45425
819.04425 101.916885
659.02734 494.26984
835.37103 827.6986
608.62756 377.2958
778.1735 460.5702
855.2801 418.48193
66.92235 983.64746
385.20193 877.5939
692.805 410.1448
848.0727 515.5082
277.66107 282.85248
602.1667 308.6811
70.3763 501.8279
448.97363 650.23224
772.73395 655.7462
619.7157 856.1556
529.1044 982.5508
846.6781 698.48975
762.9874 191.49007
29.026773 246.85065
798.30316 641.3225
85.79507 515.5484
364.4616 788.4154
77.97921 285.5831
151.6234 393.6615
577.1901 999.1316
556.19635 708.5785
560.0669 808.7101
636.4962 748.6567
815.66455 704.0164
84.63242 805.96045
967.2883 136.52628
713.06177 553.18896
730.75165 715.2383
552.8877 447.84344
957.7955 356.53317
165.8633 657.84515
346.41284 736.9322
183.1903 398.89453
439.08142 19.610592
401.5895 399.0543
675.41315 603.8424
990.7495 187.48811
817.4896 81.12253
496.14478 41.979
24.158503 672.53253
357.34607 723.79846
214.82445 168.98842
604.3296 578.69226
133.77571 799.3256
242.9231 189.19365
702.8457 510.75085
595.41205 526.171
833.21625 862.00714
523.45844 466.46158
856.4272 101.67118
27.87168 618.63794
130.1652 32.32121
193.40012 630.40045
176.1614 945.88416
826.597 538.7827
915.5368 256.29153
420.94632 268.30356
181.19093 452.64297
275.8176 82.39376
707.33746 649.39813
694.4503 649.871
223.04861 319.68576
191.05286 400.9322
109.677734 763.6417
548.23267 16.078112
321.28687 485.75522
383.3575 216.57845
912.7148 933.52594
606.0809 506.53375
571.678 984.30176
779.1462 154.28372
9.305685 157.9899
930.71893 494.85745
927.7665 780.4028
808.8776 585.3568
554.15393 225.32121
917.5268 351.60873
406.55457 922.9276
927.88007 627.11804
41.229763 38.081448
220.79166 904.2983
19.102533 593.98114
382.59912 193.15105
225.24524 345.07507
450.77267 114.01346
976.8246 887.656
585.54895 238.6843
62.9664 337.393
629.85944 738.1886
974.2618 400.12515
712.2485 595.633
100.14261 815.56213
646.10583 999.0512
599.1136 963.1062
383.42398 41.833004
979.8351 884.83203
192.42157 527.2764
170.30861 102.72852
545.7586 498.99792
997.9254 385.63034
929.7003 100.37969
554.8961 55.834267
914.47064 503.93048
881.58575 516.2175
862.1682 945.37946
764.54 425.74503
591.0018 347.51956
216.49127 354.57272
163.23239 625.2614
382.39575 809.5247
719.0964 526.05426
198.55708 236.54195
940.11115 778.7754
121.151955 978.7707
292.55322 399.38605
635.9799 197.27954
675.5274 233.09528
63.017677 445.9635
477.93066 200.4701
377.3663 933.01447
334.74622 258.8748
382.4369 498.4074
65.48676 790.8176
