3154.9263
496.152
50
40
563.1539 521.0035 399.5122 1046.7379 377.86688 481.75012 387.17603 831.9846 1232.5029 1336.1268 400.92557 323.82266 451.6077 1410.776 563.13556 819.6782 147.13867 302.5978 4.1566143 298.63113 510.85272 139.69424 1033.4905 351.20132 1250.157 1052.5963 936.4255 481.81387 3.9775362 142.47176 818.4514 832.1272 333.32944 289.1477 891.72894 506.4989 783.3088 828.07697 541.25555 1486.6104 
624.16895 1356.8268 328.13763 745.67584 1448.992 1038.2753 578.55743 528.71985 979.22186 854.4626 1349.6055 729.1238 1491.9857 951.9657 1257.1381 168.0137 1439.6989 241.73634 1006.2165 1127.0902 732.9202 1108.5776 846.48395 1087.1862 546.80817 1457.8193 1288.0464 394.17734 999.80884 649.2976 1018.03644 1000.87036 1330.4052 126.44386 1274.0616 118.143654 808.851 261.14542 1223.1614 240.92783 
1120.8204 833.05164 483.73547 384.5773 1278.814 635.16925 1443.141 1134.8073 909.97986 1075.9155 715.3037 1459.6482 1250.7327 1171.2793 30.73891 359.80463 1134.1813 734.3776 50.83792 1379.3962 595.91547 1028.4895 829.1372 922.306 792.1393 963.5991 174.56052 480.26263 971.4941 480.5864 485.29892 52.346466 633.16187 446.46622 367.07874 201.82077 1184.0062 913.49585 996.05457 1485.0652 
991.57336 319.5467 74.46207 423.91455 1252.7487 671.8656 1096.4648 141.89116 269.74564 871.2414 722.3401 1481.6609 1045.8898 893.6342 241.25966 475.5388 448.35107 576.5257 831.4455 823.023 808.57947 1232.6061 1146.4043 689.1482 793.70105 883.9248 1442.2787 234.91159 743.5443 360.3012 244.09372 331.14993 438.28314 981.6181 102.81949 810.0221 190.90723 1464.5997 930.726 348.68793 
786.8597 255.81656 209.46202 827.8634 340.21872 763.95087 583.6548 1178.681 581.7418 945.80804 1162.598 59.685722 1238.9396 642.1658 523.7724 316.85703 917.102 866.3147 1394.5249 838.2653 792.8609 590.06354 1187.2244 211.33922 243.43764 1059.0576 48.60394 1124.7522 820.2029 786.48987 830.80536 78.619316 414.5504 936.6724 19.844854 766.03766 12.377535 852.4789 1421.8385 1300.9976 
55.65314 513.37103 393.34186 372.35037 685.65594 768.5757 154.58762 755.8225 67.468796 1097.9939 1308.2375 1216.0356 899.2268 786.5917 1096.5039 983.1124 1307.4338 716.347 1006.14056 1383.7267 1081.3857 553.30975 573.85803 254.39066 450.36957 470.96844 1319.1715 345.36435 501.8423 1049.911 1117.5576 1231.8163 942.2358 797.7193 604.0652 399.77213 1444.3848 1287.1404 806.2018 527.9428 
651.82745 64.842735 160.00227 1357.7439 180.38919 132.48306 34.67244 112.68655 976.5309 811.3861 879.09863 249.85095 1409.9116 476.8689 387.81473 620.33673 1264.5002 703.13135 364.72626 697.4257 1408.3528 1284.6765 775.0056 195.68979 1486.8685 1345.4266 1129.0927 841.4294 1377.9319 1072.0547 872.66266 319.63898 349.85706 743.5657 222.75423 1340.1595 4.458844 614.83185 1227.9932 865.80237 
492.8947 292.60727 254.98871 73.00581 381.14273 588.53326 288.5348 126.02045 1190.113 364.7813 870.20404 763.71063 617.4255 754.2738 1038.2881 868.80615 1488.8276 1078.8749 856.8076 1407.8411 1037.078 155.54831 1167.4921 1296.078 974.8715 1132.2432 806.2131 1005.4293 1046.0481 1177.1868 1279.3434 1309.7605 780.89136 1497.3394 1130.9097 265.99002 1266.7971 1128.9958 1298.2097 696.08154 
304.9728 90.90933 1161.7703 924.3692 1327.1155 542.85394 770.1392 826.65015 533.2052 20.24362 906.0238 1157.1338 622.6538 558.2825 1062.7146 781.6469 1156.0507 207.1332 1403.5675 15.457939 718.6584 1277.7593 322.55533 246.70792 114.631165 776.4223 -4.454035 86.71274 907.64935 1309.297 1020.0166 841.3351 74.295 287.30356 1275.3706 983.2178 1391.0299 595.0532 621.88715 922.9146 
1114.0781 1391.749 153.60777 712.85986 333.86536 1475.9945 1024.1355 356.67615 1436.9221 1245.7233 699.4097 1292.5372 13.31818 308.88135 513.007 513.17346 1191.7627 565.0711 852.41425 291.63577 32.48066 1458.0951 124.0211 181.12018 359.85202 879.2262 1400.2898 33.993793 1097.5905 76.07641 959.6698 499.6612 93.92766 547.13354 168.35085 343.06378 1092.869 862.39404 1007.8692 785.4131 
720.09235 476.03207 468.9198 1291.2266 178.47035 402.7137 379.46298 615.85443 523.51685 759.9903 24.360813 650.46606 408.27914 1030.187 179.33093 1331.8987 1320.3298 1436.3402 698.96204 1217.8608 790.54584 1118.0297 166.90105 498.73184 104.307686 1369.4048 1491.0912 1425.6005 1130.597 398.3078 738.1176 330.24612 613.2282 182.16118 823.3007 211.48239 1281.1101 583.20374 87.165085 288.65253 
776.0003 1007.73785 1434.3087 847.0981 861.6898 1.2787504 357.4993 132.10368 1172.9341 168.88635 1018.0302 302.16333 370.73453 902.5036 847.9861 929.4096 252.764 1439.8248 291.0858 764.70197 473.83228 302.07578 361.19855 967.1778 1121.2886 1116.0968 346.46268 548.03827 1144.1727 324.29352 1057.1735 405.9601 912.7402 359.34 657.25464 251.80609 1201.7148 639.0055 532.17816 323.23828 
351.24716 825.10944 440.6554 220.43144 679.0978 674.4062 1358.2876 217.33014 751.0032 158.1499 448.63266 333.79544 1293.5338 536.19635 1475.8239 1432.5488 1230.0057 1305.7618 1122.9575 -3.9652927 680.1709 474.37775 1446.9573 262.19626 258.47736 311.15497 953.51587 1079.6868 498.66382 620.2026 240.02132 12.223995 19.333996 399.9354 760.0765 403.63608 740.942 82.04596 1255.3413 949.64246 
394.31158 1219.119 428.9429 839.57 1104.4119 885.2219 1014.6278 1181.0114 1370.6163 1259.317 597.1637 1287.8992 571.0828 42.01193 1037.2354 1247.5929 1434.2107 696.9875 1083.2278 1390.3511 254.354 69.425934 1027.8381 1084.9996 962.0988 1299.8982 279.4199 32.693592 1406.4515 923.46484 1106.3221 946.42035 437.22415 415.19366 97.262665 177.29453 1390.7533 1409.9044 551.9455 204.75299 
240.8438 515.7134 363.72028 1336.4757 1334.4897 882.8702 475.06744 365.2308 123.491135 471.45312 52.090305 503.8675 423.56036 1448.7224 145.99657 936.37006 1346.8915 1309.3162 532.75885 162.22084 337.4514 734.0211 1166.7596 1263.3234 1320.4435 905.5469 385.2453 1292.3848 53.496128 267.59076 937.8411 733.9701 1032.1288 591.4935 284.2122 319.4052 755.9637 722.9533 893.1945 679.3261 
799.9652 374.59225 728.3657 277.95355 326.71585 793.65027 1173.0765 1131.1041 881.3643 487.71906 1342.4232 200.53992 915.42 295.22272 435.5041 1025.5079 1279.0088 266.30258 323.57346 853.22064 788.5557 938.86847 318.3862 283.59167 1478.1115 778.84357 505.10422 604.7548 727.7049 103.04695 895.63007 1069.766 1226.1693 1457.7346 291.12506 741.41864 1443.8616 395.55014 936.77325 1391.284 
832.57776 918.52484 767.55914 785.9332 455.75153 984.8099 600.94214 162.78876 1346.7147 492.02475 470.83105 875.2141 266.3992 265.46103 57.188023 126.25282 834.36206 339.89487 841.9259 32.898155 918.43005 669.4294 1444.5005 1412.8951 1408.5737 975.6133 619.7456 618.85626 49.847107 790.0648 891.05066 1484.904 1412.3577 813.96625 1448.9381 1019.1482 1373.2693 998.08844 1333.4629 1016.0495 
201.78053 313.45682 698.62537 1156.1261 1272.871 944.3735 498.1679 596.5185 1214.3633 1077.2759 539.706 624.6452 344.5095 830.8296 588.13635 613.5518 888.87634 694.72925 999.65784 1241.5867 1295.7804 646.91046 809.5446 480.71808 1043.9011 1036.2677 775.0172 587.1521 148.98772 975.51263 469.17337 1289.9044 1428.7687 1436.5109 1362.9594 1117.634 641.26776 318.2879 114.58956 1286.357 
271.74106 1250.9135 1419.657 1110.622 822.35504 821.63544 605.4127 1033.3538 926.5466 527.9655 234.34239 299.8489 556.7284 45.896492 380.21622 894.33966 519.63324 1460.0719 989.2481 758.1372 753.12555 976.5183 589.86456 926.6089 86.75402 107.506615 336.85312 518.1492 135.66403 612.209 1054.3374 111.86382 813.7463 406.08545 867.1098 371.9005 262.05783 616.3514 476.34042 1255.2346 
1037.6194 70.45111 638.57733 1021.2433 1275.6669 1119.1967 1176.2551 1170.5897 10.313562 721.1167 108.63702 1237.7755 1354.3682 839.60565 929.2273 326.2212 1258.7428 124.6613 954.21674 541.8841 1155.4869 1486.3594 11.444761 281.235 1225.9861 62.72168 245.69832 1256.8789 1387.2759 1230.3066 768.9066 1264.2297 424.73953 511.67584 367.93494 655.42395 73.68068 39.869034 1478.2332 582.09534 
965.3924 856.1621 1278.5541 411.72345 970.3806 918.6724 190.31778 448.0132 1352.3414 640.8283 764.97186 749.17 1321.3418 490.3255 543.8724 1083.991 1323.4056 265.95602 142.79382 1229.411 1266.3718 376.61343 1377.1658 479.51297 1288.4548 903.85425 1174.5292 405.041 831.4141 456.62698 502.50702 1494.1388 864.61725 279.16647 1433.793 479.37714 474.57004 185.597 1244.2738 278.13174 
1381.6755 897.48676 231.4238 918.0241 467.08682 1418.4526 182.5366 1096.4502 1052.5189 1027.9282 506.18976 1453.1862 784.80054 539.3744 1140.5802 677.6819 474.76093 826.53986 1489.0123 682.9331 551.77106 214.85938 -4.127801 1470.7555 385.88943 678.7137 1405.8806 923.87695 969.0986 729.07117 1155.2802 693.5096 1060.559 819.98065 1265.8838 251.96701 988.15894 466.4909 491.58777 258.45267 
1074.891 1135.8357 1157.0363 1202.3595 948.747 868.1411 849.61127 262.29468 1063.8945 417.48944 413.82248 1260.5697 1183.865 1028.9011 186.46599 807.0833 414.37033 746.6898 1356.6364 1388.3625 1029.1459 589.6833 1146.7848 1177.0266 796.91235 484.00818 124.54074 1479.0901 1041.1486 1359.4902 949.93854 821.33356 716.8688 346.23468 1174.0244 173.43155 1070.0138 1488.6221 607.55994 949.65576 
255.3776 779.7774 587.6803 287.7435 753.21936 470.55386 625.9209 1407.9609 932.83795 818.2099 1102.9819 413.47778 343.42188 516.2513 388.96436 1423.9209 1053.4326 1463.3611 242.58385 277.37308 159.62463 755.9463 734.04205 1147.147 810.56305 450.59302 158.82153 1173.378 337.159 664.6405 578.65765 1285.8523 204.31157 250.16003 891.3361 1213.5128 1423.2179 888.8562 1407.768 22.77615 
288.29337 362.79456 818.0009 571.1254 720.9297 563.4056 697.4404 314.45023 579.5116 1028.9136 1365.5741 661.251 731.21045 1118.1959 876.9205 419.13956 891.0793 697.09106 1382.7549 1144.0302 1267.8837 1366.3422 607.4072 1075.04 1173.921 73.68952 64.56727 518.39404 1377.8044 646.10443 247.09001 1421.5652 854.817 366.7969 603.2483 429.47226 1453.9778 75.422195 1073.2448 1282.8025 
1039.4049 268.86206 1097.0668 644.43195 820.90826 1384.0626 783.44324 718.47394 1284.9996 1113.6738 259.747 622.704 1497.6697 154.65402 214.17365 163.97981 1084.3475 1424.5785 699.42474 1407.8038 625.43353 780.123 471.42505 342.36078 22.675539 72.07933 437.30997 439.2038 1077.4434 1056.3057 144.03558 2.2576694 1481.6512 545.2139 1337.483 853.96436 915.6747 54.75184 1141.8552 447.2026 
1060.114 187.35274 285.4996 34.080605 994.6674 521.99164 472.02466 612.8231 1457.6937 1298.3142 64.73068 791.7515 1159.2701 2.7849631 1327.9196 1439.791 1128.6777 110.94012 500.61237 166.02916 1009.2844 1381.1223 486.5632 1041.5981 709.74084 326.52713 49.23243 1480.5543 510.24597 163.99677 1191.5555 167.4914 866.4018 444.7571 757.92865 873.336 620.8333 1024.2174 239.82207 212.14874 
194.31752 820.0225 871.82513 720.78186 1473.6406 609.7825 706.732 479.92786 682.7811 -2.7097309 371.4821 414.4362 537.3029 423.58258 1285.3859 282.77042 29.034985 1426.8994 1458.085 1110.133 1089.213 1078.4537 882.1249 1292.0933 133.2631 863.93634 1428.8488 1245.5209 1069.3179 343.8487 296.5621 1426.2488 1280.3756 384.0827 1346.5632 633.1669 486.7319 1221.6473 1250.6855 526.386 
50.94879 509.08026 103.45535 1212.6959 1212.1571 544.875 397.83554 824.79614 349.93436 571.20734 1045.7928 446.67407 455.34692 1209.3477 398.60507 636.0717 663.00024 197.41122 6.907607 811.19073 673.1031 1224.5155 326.9664 1147.6644 791.6175 1189.9912 727.5625 513.3487 334.54257 436.0217 286.17224 1412.6713 959.2554 426.97687 173.8376 174.11806 1081.6245 1433.7484 1310.2339 668.9329 
1172.2985 901.5959 1018.9627 391.26105 979.1736 1100.3679 63.026543 394.7745 65.54936 671.4761 571.7709 88.28522 1114.89 1236.669 798.323 392.97266 363.42987 1134.4762 625.6993 1416.6316 511.08252 856.1781 1200.3055 125.779434 1374.2437 1174.2898 303.51315 264.55515 1341.1144 842.84534 905.3577 345.08597 1451.1143 1285.2174 569.17786 497.40472 164.79947 871.813 612.1868 438.0575 
619.46155 21.750244 1294.5564 130.25873 1473.2369 474.53864 698.5769 829.8221 1472.1299 109.8615 739.8566 350.12454 1414.8235 1455.7904 1114.3242 596.0446 789.53107 1298.1484 158.00467 1391.158 1320.4309 216.2849 181.15555 379.46872 838.41534 1048.221 54.370064 812.6104 1156.9866 1050.987 841.67914 10.757953 449.1346 459.98 594.51904 1075.4597 169.94656 599.34143 165.67091 175.21898 
92.5097 1163.6814 968.9208 579.93365 746.399 854.9541 3.2454453 1288.2383 1373.666 356.929 424.78278 1397.3804 1371.7849 158.49586 295.7124 643.51434 1301.4508 570.9919 1041.4419 1086.1954 1049.4774 768.84485 141.17024 1314.4183 128.29433 1462.0903 661.98517 1072.761 303.70416 1248.7388 483.13666 10.063545 1296.63 1499.5443 890.0284 1244.6045 817.55457 972.4569 1161.768 1228.9172 
464.23456 173.93047 1256.8257 444.23386 114.057724 794.2996 493.46652 79.03672 87.10399 754.64044 705.13837 353.3566 639.57074 847.8871 1405.9293 1425.26 629.72595 457.48636 822.5371 98.43914 309.96487 1337.5453 1441.9353 424.93604 1118.8641 409.24744 1118.0636 889.8143 1186.3481 519.29926 6.425458 390.0233 1498.2166 447.3023 1092.4286 1252.7928 1083.313 1000.2431 922.6747 1314.6415 
1122.5618 1358.7417 148.1697 1410.4874 1013.9463 1246.3064 779.6058 1143.4067 146.25558 1419.6057 307.44788 1139.3049 47.091656 734.68616 583.54816 1062.1329 402.19205 56.140797 526.40546 1379.3146 698.60016 908.4647 343.99042 448.73068 1238.5923 756.2205 366.2634 692.94916 194.55965 1022.182 1314.1282 608.38745 1207.2333 1220.3242 1057.5826 616.7455 510.74005 383.38248 348.2579 673.35846 
317.9818 1257.7196 1400.3657 1217.0828 1238.7428 811.4056 344.31796 1028.9529 960.7444 614.74164 1368.9243 142.12358 1410.5935 500.94064 916.1266 1408.5457 1457.1989 1438.3147 1081.6884 1313.4174 669.76495 954.1138 36.11857 741.69727 660.9189 354.11 1232.383 646.8701 1087.8695 861.1279 140.63109 195.71461 795.75696 664.9851 920.2486 849.0408 767.5099 850.7248 526.0393 692.2332 
613.59607 301.5986 1233.2292 855.9684 848.02423 1267.9885 380.29294 101.65463 1428.8365 328.3447 739.3074 672.9892 1252.1166 1098.2601 1050.6538 209.51921 803.2292 924.0029 1022.40784 1045.2493 17.60912 512.18335 1039.686 815.1482 200.91858 292.74673 140.54886 339.87067 899.8052 853.14984 172.7996 839.1356 634.81055 297.406 420.1654 426.9774 1196.2012 779.6646 1161.8966 1107.523 
1336.6257 408.1276 186.77979 613.0388 1351.5359 1196.4009 175.92342 846.7376 304.2538 1065.8287 1113.4468 1196.2375 17.414907 378.96332 545.3774 1369.6292 471.27087 311.08813 34.647797 964.8177 321.99945 203.62962 1329.0698 709.1826 34.73345 1015.36816 669.5606 425.62277 806.4966 1124.5905 137.69656 957.74347 33.612453 1277.7141 1309.8799 351.27747 546.44006 37.45632 320.01514 780.83453 
941.48065 1126.3239 688.61505 660.72284 192.0002 1029.0514 953.6815 130.89795 1048.3164 345.63382 1412.54 509.06042 602.8098 1229.764 1134.0455 917.5434 752.537 250.81342 1252.2227 838.91296 1129.046 145.97328 765.45654 1312.1353 705.62573 32.815456 584.8066 486.7584 1471.7554 1461.3203 0.8799844 1305.8007 187.96457 1248.3749 480.97488 1393.9443 896.6605 751.84607 1356.8755 1396.1895 
965.737 1295.6012 918.7685 1223.3405 991.93713 1096.2621 847.2374 734.5703 1185.0135 737.0588 1458.1863 218.83467 476.69885 1113.8766 4.848729 1441.0924 355.38345 43.480484 1066.7426 1361.1317 1043.1794 1173.9437 302.54855 587.2963 731.7463 837.50757 182.40796 1309.5597 1451.849 151.456 555.0649 1386.2063 1314.1257 3.1018257 951.6085 95.842674 1119.954 630.6493 200.31232 256.58478 
626.61945 17.523804 451.21054 722.0457 205.21819 198.74055 1199.6068 114.18203 732.84906 544.02185 674.6647 291.14948 117.694046 1028.6667 167.59666 1289.063 806.5217 1414.6263 743.7371 259.9623 1244.0013 1095.8456 343.96228 104.34273 556.9681 853.69385 393.50272 570.32495 1064.4421 1485.2266 1155.184 1447.9133 1075.7697 259.09515 509.52533 1485.8169 734.73114 1411.1528 245.92935 874.9937 
76.83802 144.19328 417.40247 1217.4203 1490.328 1108.8026 1095.8611 515.584 1453.5603 815.00366 1031.0989 372.84882 1202.6111 22.230656 148.91576 27.157993 757.87354 663.1831 767.7454 560.498 287.38043 665.2775 -1.6461322 529.17413 387.3808 381.7406 107.828964 1410.2251 957.42914 312.86853 732.13336 1137.2375 282.87405 716.61584 955.9486 649.4145 742.1696 1216.4701 179.40575 1200.996 
614.8747 1308.5188 878.565 744.03644 1138.5549 1183.7236 1065.1869 656.1003 639.05676 1030.6753 731.4174 405.65515 1463.7825 483.52686 881.50195 306.81244 851.6658 604.3734 920.535 811.5947 1031.518 1214.0814 859.5572 1222.093 902.29584 1125.4552 1047.0181 1076.7186 39.62951 1232.6766 68.737015 1299.2499 1147.6389 36.147583 2.0150676 31.530357 468.668 172.22926 1244.4792 970.4801 
1056.0695 -2.1224 1479.5702 667.5526 1141.5841 830.84814 1143.3276 303.8875 89.17741 1346.9667 151.26929 442.191 1036.4181 131.94368 304.7142 226.80768 1042.6133 361.34805 877.8578 676.5406 1239.9532 348.6515 1255.2699 1410.5221 1154.8579 892.70135 299.25815 930.8411 821.5686 927.59015 687.7167 751.6941 313.7814 639.6504 485.66095 303.5389 342.7812 853.22205 1087.6405 812.1083 
382.1024 1003.91754 1298.6172 886.16187 4.2146387 1235.337 1437.6959 1299.5455 139.11397 1052.5789 1262.3062 1457.4647 877.98413 1188.4287 750.0437 743.8755 1247.2864 1200.8163 1001.405 1481.5521 1494.7339 12.982206 394.07184 778.69836 393.61212 465.8091 668.23676 1235.9352 490.8176 1004.9442 592.7012 1300.1195 321.8054 113.66107 1218.1206 826.7303 1347.358 555.89307 381.8255 735.4861 
607.7198 1312.507 203.10262 1224.4563 579.1758 762.67993 168.68796 981.1708 141.59735 1336.193 220.49042 295.1367 1307.8248 1366.56 381.24408 389.73276 12.012377 764.1759 368.8694 1257.6644 1219.2225 963.0831 611.81195 703.038 377.6228 1389.5352 135.52492 204.63693 602.6135 175.26338 1024.5607 24.172367 339.0931 508.2428 365.44733 970.1166 1293.8549 1363.7977 647.6382 1487.2275 
1169.8016 1184.0851 1388.3447 654.0258 832.26135 1329.3528 1091.9882 1440.2936 95.19544 1269.8815 261.33972 859.13245 61.49833 928.18854 535.1579 1098.2388 1316.9069 1096.8945 -3.7238479 742.8324 641.2621 213.64067 809.6477 213.1102 618.99347 890.57526 371.8107 602.18756 917.73395 767.2284 1146.6017 916.2352 1104.9163 1487.0391 506.71637 1441.9253 482.04767 1139.409 661.8922 597.358 
600.11865 1230.9169 102.07255 1401.3566 42.258205 291.24896 442.89758 1222.3912 1496.3196 371.4747 181.26807 827.41956 165.55022 224.52884 985.524 1162.6165 879.8839 570.1479 17.992844 1067.3073 1318.674 869.05475 137.27339 699.4145 432.88397 1053.8834 863.64374 490.3833 485.8476 237.19318 88.40664 69.85732 721.7147 849.93506 371.82077 655.3461 1089.614 1191.9001 724.5038 899.74493 
549.37634 359.0066 1123.8392 1299.8461 641.3901 965.7637 674.97205 1176.9178 1353.7874 414.88608 1350.4332 831.01404 689.69684 144.82974 678.3017 1383.9282 455.74182 364.9674 1036.0773 1311.6075 1235.3094 482.23013 1251.1216 655.40076 981.37354 92.30284 1283.6005 757.7326 853.8138 412.88263 569.35443 1331.6663 440.24045 741.0806 778.0201 1090.3468 62.309853 526.78326 351.02222 21.499426 
81.393135 788.6735 1089.7705 259.00192 1328.2487 29.658909 816.5042 853.04266 771.04004 1038.6512 1328.7517 642.53284 999.6413 211.00117 793.2962 1183.2489 1176.6731 880.4025 661.87476 1492.6488 417.12943 1215.7502 1348.5734 1247.4243 873.7666 142.26111 493.02988 752.6357 634.65405 1367.1486 1174.1066 811.70325 832.4136 171.27914 1490.6515 354.62534 1236.7118 1139.5336 919.33374 447.53864 
137.51135 1159.0443 54.30764 445.13834 36.436417 711.0896 934.6361 1343.5376 212.36134 634.1839 1227.9893 1474.8593 1349.9946 1472.8278 1343.1211 956.22675 1101.795 1428.4503 729.0239 354.84906 284.0334 1176.3138 190.46172 237.57716 332.19006 174.53386 507.79108 367.65387 1149.168 1373.914 848.5939 928.37244 726.98944 9.995455 724.6643 718.01514 563.74817 1031.5759 1095.3224 377.75122 
